0000000000000000000000000000000000000000000000000000000000000000000000000000000000000000000
0000000000000000000000000000000000000000000000000000000000000000000000000000000000000000000
0000000000000000000000000000000000000000000000000000000000000000000000000000000000000000000
0000000000000000000000000000000000000000000000000000000000000000000000000000000000000000000
0000000000000000000000000000000000000000000000000000000000000000000000000000000000000000000
0000000000000000000000000000000000000000000000000000000000000000000000000000000000000000000
0000000000000000000000000000000000000000000000000000000000000000000000000000000000000000000
0000000000000000000000000000000000000000000000000000000000000000000000000000000000000000000
0000000000000000000000000000000000000000000000000000000000000000000000000000000000000000000
0000000000000000000000000000000000000000000000000000000000000000000000000000000000000000000
0000000000000000000000000000000000000000000000000000000000000000000000000000000000000000000
0000000000000000000000000000010001100000000000000000000000000001000110000000000000000000000
0000000000000000000000001100011001110000000000000000000000100011101111100001000000000000000
0000000000000000000110001110111111001100000000000000011001111111111111110011100000000000000
0000000000000000000111111111111111011110000010000000111111111111111101111111000000000000000
0000000000000000001111111111111111111101100111110001001111101110111111111110000000000000000
0000000000000000001111111111111111111011111111100001110111111111111111111111110000000000000
0000000000000000001101111111111111111111111111110001111111111111111111111110010000000000000
0000000000000000001101111111111111111111111111110000111111111111111111111111000000000000000
0000000000000000001011101111111111111111011100110000011111111111111111111111100000000000000
0000000000000000000011011111111111111111111000000000011111111111111111111000100000000000000
0000000000000000000001011111111111111111111111100000011111111111111111111100000000000000000
0000000000000000000000011111111111111111110001000000111111111111111111100111000000000000000
0000000000000000000000001111111111111111000000000000111111111111111111100010000000000000000
0000000000000000000000001111111111111111000000000000001111111111111111110000000000000000000
0000000000000000000000001111111111111111000000000000001111111111111110011000000000000000000
0000000000000000000000001111111111111110000000000000000111111111111100000000000000000000000
0000000000000000000000000111111111111110000000000000000111111111111110000000000000000000000
0000000000000000000000000111111111111110000000000000001111111111111000000000000000000000000
0000000000000000000000001111111111111110000000000000010111111111100000000000000000000000000
0000000000000000000000000111111111111111000000000000011111111111100000000000000000000000000
0000000000000000000000000111111111111110000000000000111111111111100000000000000000000000000
0000000000000000000000000111111111111111000000000001101111111111100000000000000000000000000
0000000000000000000000000111111111111111000000000011110111111110000000000000000000000000000
0000000000000000000000000111111111111111000000000001111111111100000000000000000000000000000
0000000000000000000000000111111111111111000000000110111111111000000000000000000000000000000
0000000000000000000000000011111111111111000000001111111111111000000000000000000000000000000
0000000000000000000000000011111111111111000000010111111111111000000000000000000000000000000
0000000000000000000000000011111111111111000000011111111111100000000000000000000000000000000
0000000000000000000000000011111111111111000000111111111111100000000000000000000000000000000
0000000000000000000000000011111111111111100001111111111111110000000000000000000000000000000
0000000000000000000000000111111111111111111011111111111110011000000000000000000000000000000
0000000000000000000000000011111111111111110011111111111111000000000000000000000000000000000
0000000000000000000000000011111111111111110111111111111111100000000000000000000000000000000
0000000000000000000000000111111111111111101111111111111110100000000000000000000000000000000
0000000000000000000000000011111111111111111111111111111110000000000000000000000000000000000
0000000000000000000000000111111111111111111111111111111110000000000000000000000000000000000
0000000000000000000000000111111111111111111111111111111110000000000000000000000000000000000
0000000000000000000000000111111111111111111111111111111100000000000000000000000000000000000
0000000000000000000000000011111111111111111111111111111110000000000000000000000000000000000
0000000000000000000000000011111111111111111111111111111110000000000000000000000000000000000
0000000000000000000000000111111111111111111111111111111110000000000000000000000000000000000
0000000000000000000000000011111111111111111111111111111110000000000000000000000000000000000
0000000000000000000000000011111111111111111111111111111110000000000000000000000000000000000
0000000000000000000000000011111111111111111111111111111110000000000000000000000000000000000
0000000000000000000000000111111111111111111111111111111111000000000000000000000000000000000
0000000000000000000000000011111111111111111111111111111111000000000000000000000000000000000
0000000000000000000000000011111111111111111111111111111111100000000000000000000000000000000
0000000000000000000000000001111111111111111111111111111111100000000000000000000000000000000
0000000000000000000000000011111111111111111111111111111111100000000000000000000000000000000
0000000000000000000000000011111111111111111111111111111111010000000000000000000000000000000
0000000000000000000000000011111111111111111111111111111111110000000000000000000000000000000
0000000000000000000000000001111111111111111111111111111111110000000000000000000000000000000
0000000000000000000000000011111111111111111111111111111111111000000000000000000000000000000
0000000000000000000000000001111111111111111100111111111111111100000000000000000000000000000
0000000000000000000000000011111111111111111111111111111111111100000000000000000000000000000
0000000000000000000000000011111111111111110111001111111111111100000000000000000000000000000
0000000000000000000000000011111111111111110010001111111111111110000000000000000000000000000
0000000000000000000000000011111111111111111000011011111111111100000000000000000000000000000
0000000000000000000000000011111111111111011100010011111111111111000000000000000000000000000
0000000000000000000000000001111111111111100000000011111111111111100000000000000000000000000
0000000000000000000000000011111111111111110000000011111111111111100000000000000000000000000
0000000000000000000000000011111111111110110000000001111111111111100000000000000000000000000
0000000000000000000000000001111111111111100000000000111111111111100000000000000000000000000
0000000000000000000000000001111111111111000000000000011111111111110000000000000000000000000
0000000000000000000000000001111111111110000000000000011111111111110000000000000000000000000
0000000000000000000000000011111111111110000000000000011111111111111000000000000000000000000
0000000000000000000000000111111111111100000000000000011111111111111100000000000000000000000
0000000000000000000000000011111111111100000000000000011111111111111100000000000000000000000
0000000000000000000000000011111111111110000000000000001111111111111100000000000000000000000
0000000000000000000000000011111111111110000000000000001111111111111000000000000000000000000
0000000000000000000000000011111111111110000000000000001111111111111110000000000000000000000
0000000000000000000000000011111111111110000000000000000111111111111111000000000000000000000
0000000000000000000000000111111111111110000000000000001111111111111111010000000000000000000
0000000000000000000000000111111111111110000000000000000111111111111111110000000000000000000
0000000000000000000000010011111111111111000000000000000111111111111110110000000000000000000
0000000000000000000000011001111111111111000000000000000011111111111111100000000000000000000
0000000000000000000000001111111111111111000000000000000111111111111111101000000000000000000
0000000000000000000001000111111111111111000000000000000111111111111111111000000000000000000
0000000000000000000011100111111111111111000000000000001111111111111111111100000000000000000
0000000000000000000001111111111111111111010000000000000111111111111111111110000000000000000
0000000000000000000110011111111111111111111000000000110111111111111111111111100000000000000
0000000000000000001111111111111111111111110100000000111111111111111111111111110000000000000
0000000000000000011111111111111111111111110100000000011111111111111111111111111010000000000
0000000000000000011011111111111111111111101100000011101111111111111111111111111110000000000
0000000000000000011111111111111111111111111101000011111111111111111111111111111111000000000
0000000000000000011111111111111111111111111111000001111111111111111111111111111111000000000
0000000000000000011111111111111111111110111100000000111111111111111111111011100111000000000
0000000000000000010111111111111111111111111100000000011111111111111111111111111111000000000
0000000000000000000111111011110111111111110111000000111111101111111111111111111100000000000
0000000000000000001100111011111111111011100011000001110111011111111111101110001000000000000
0000000000000000011100010111011100110000100000000001100001111111110011000100000000000000000
0000000000000000000000001110001000000000000000000000000000111000100000011100000000000000000
0000000000000000000000000000000000000000000000000000000000010000000000011000000000000000000
0000000000000000000000000000000000000000000000000000000000000000000000000000000000000000000
0000000000000000000000000000000000000000000000000000000000000000000000000000000000000000000
0000000000000000000000000000000000000000000000000000000000000000000000000000000000000000000
0000000000000000000000000000000000000000000000000000000000000000000000000000000000000000000
0000000000000000000000000000000000000000000000000000000000000000000000000000000000000000000
0000000000000000000000000000000000000000000000000000000000000000000000000000000000000000000
0000000000000000000000000000000000000000000000000000000000000000000000000000000000000000000
0000000000000000000000000000000000000000000000000000000000000000000000000000000000000000000
0000000000000000000000000000000000000000000000000000000000000000000000000000000000000000000
0000000000000000000000000000000000000000000000000000000000000000000000000000000000000000000
0000000000000000000000000000000000000000000000000000000000000000000000000000000000000000000
0000000000000000000000000000000000000000000000000000000000000000000000000000000000000000000
0000000000000000000000000000000000000000000000000000000000000000000000000000000000000000000