0000000000000000000000000000000000000000000000000000000000000000000000000000000000000000000
0000000000000000000000000000000000000000000000000000000000000000000000000000000000000000000
0000000000000000000000000000000000000000000000000000000000000000000000000000000000000000000
0000000000000000000000000000000000000000000000000000000000000000000000000000000000000000000
0000000000000000000000000000000000000000000000000000000000000000000000000000000000000000000
0000000000000000000000000000000000000000000000000000000000000000000000000000000000000000000
0000000000000000000000000000000000000000000000000000000000000000000000000000000000000000000
0000000000000000000000000000000000000000000000000010000000100000000000000000000000000000000
0000000000000000000000000000000000000000000000011010010111110000000000000000000000000000000
0000000000000000000000000000000000000000000000001011111111111110000000000000000000000000000
0000000000000000000000000000000000000000000000001111111111111111000000000000000000000000000
0000000000000000000000000000000000000000000000111111111111111111100000000000000000000000000
0000000000000000000000000000000000000000000000111111111111111111100000000000000000000000000
0000000000000000000000000000000000000000000000101111111111111111100000000000000000000000000
0000000000000000000000000000000000000000000000111111111111111110110000000000000000000000000
0000000000000000000000000000000000000000000000000111111111111111110000000000000000000000000
0000000000000000000000000000000000000000000000011111111111111111000000000000000000000000000
0000000000000000000000000000000000000000000000000011111111111001000000000000000000000000000
0000000000000000000000000000000000000000000000000001111111111101000000000000000000000000000
0000000000000000000000000000000000000000000000000001111111111100000000000000000000000000000
0000000000000000000000000000000000000000000000000001111111100000000000000000000000000000000
0000000000000000000000000000000000000000000000000000111110110000000000000000000000000000000
0000000000000000000000000000000000000000000000000000111111110000000000000000000000000000000
0000000000000000000000000000000000000000000000000000111111000000000000000000000000000000000
0000000000000000000000000000000000000000000000000000011111011000000000000000000000000000000
0000000000000000000000000000000000000000000000000000111111110000000000000000000000000000000
0000000000000000000000000000000000000000000000000001111111100000000000000000000000000000000
0000000000000000000000000000000000000000000000000001101111100000000000000000000000000000000
0000000000000000000000000000000000000000000000000001111111100000000000000000000000000000000
0000000000000000000000000000000000000000000000000000111110110000000000000000000000000000000
0000000000000000000000000000000000000000000000000000111111110000000000000000000000000000000
0000000000000000000000000000000000000000000000000011111111000000000000000000000000000000000
0000000000000000000000000000000000000000000000000010011111011000000000000000000000000000000
0000000000000000000000000000000000000000000000000000111111110000000000000000000000000000000
0000000000000000000000000000000000000000000000000001111111100000000000000000000000000000000
0000000000000000000000000000000000000000000000000000001111100000000000000000000000000000000
0000000000000000000000000000000000000000000000000001111111100000000000000000000000000000000
0000000000000000000000000000000000000000000000000000111110110000000000000000000000000000000
0000000000000000000000000000000000000000000000000000011111110000000000000000000000000000000
0000000000000000000000000000000000000000000000000000111111000000000000000000000000000000000
0000000000000000000000000000000000000000000000000000011111011000000000000000000000000000000
0000000000000000000000000000000000000000000000000000111111110000000000000000000000000000000
0000000000000000000000000000000000000000000000000001111111100000000000000000000000000000000
0000000000000000000000000000000000000000000000000001101111100000000000000000000000000000000
0000000000000000000000000000000000000000000000000001111111100000000000000000000000000000000
0000000000000000000000000000000000000000000000000000111110010000000000000000000000000000000
0000000000000000000000000000000000000000000000000000111111110000000000000000000000000000000
0000000000000000000000000000000000000000000000000011111111000000000000000000000000000000000
0000000000000000000000000000000000000000000000000010011111011000000000000000000000000000000
0000000000000000000000000000000000000000000000000000111111110000000000000000000000000000000
0000000000000000000000000000000000000000000000000001111111100000000000000000000000000000000
0000000000000000000000000000000000000000000000000001001111100000000000000000000000000000000
0000000000000000000000000000000000000000000000000001111111100000000000000000000000000000000
0000000000000000000000000000000000000000000000000000111110010000000000000000000000000000000
0000000000000000000000000000000000000000000000000000111111110000000000000000000000000000000
0000000000000000000000000000000000000000000000000011111111000000000000000000000000000000000
0000000000000000000000000000000000000000000000000011011111000000000000000000000000000000000
0000000000000000000000000000000000000000000000000010111111110000000000000000000000000000000
0000000000000000000000000000000000000000000000000001111110100000000000000000000000000000000
0000000000000000000000000000000000000000000000000001101101100000000000000000000000000000000
0000000000000000000000000000000000000000000000000001111111100000000000000000000000000000000
0000000000000000000000000000000000000000000000000000111110010000000000000000000000000000000
0000000000000000000000000000000000000000000000000000111111110000000000000000000000000000000
0000000000000000000000000000000000000000000000000011111111000000000000000000000000000000000
0000000000000000000000000000000000000000000000000010011111000000000000000000000000000000000
0000000000000000000000000000000000000000000000000000111111110000000000000000000000000000000
0000000000000000000000000000000000000000000000000001111111100000000000000000000000000000000
0000000000000000000000000000000000000000000000000001001111100000000000000000000000000000000
0000000000000000000000000000000000000000000000000001111111100000000000000000000000000000000
0000000000000001000000000000000000000000000000000000111110000000000000000000000000000000000
0000000000000011111000000000000000000000000000000000111110000000000000000000000000000000000
0000000000000000011000000000000000000000000000000011111111000000000000000000000000000000000
0000000000000011111100000000000000000000000000000010011111000000000000000000000000000000000
0000000000000001111100000000000000000000000000000000111111000000000000000000000000000000000
0000000000000001111100000000000000000000000000000001111110100000000000000000000000000000000
0000000000000111111111000000000000000000000000000001101101100000000000000000000000000000000
0000000000000111111110000000000000000000000000000001111111100000000000000000000000000000000
0000000000000111111110000000000000000000000000000111111110000000000000000000000000000000000
0000000000001111111111000000000000000000000000000110111110000000000000000000000000000000000
0000000000000011111111000000000000000000000000000011111111000000000000000000000000000000000
0000000000000011111111100000000000000000000000011111111000000000000000000000000000000000000
0000000000000001111111100000000000000000000000011111111100000000000000000000000000000000000
0000000000000001111111111000000000000000000000001111111110000000000000000000000000000000000
0000000000000111111111110000000000000000000000111111110000000000000000000000000000000000000
0000000000000100111111111110000000000000000100110111110110000000000000000000000000000000000
0000000000000001111111111110000000000000010110111111111100000000000000000000000000000000000
0000000000000000111111111111111000000000010011111111101000000000000000000000000000000000000
0000000000000000011111111111111100101001011111111111001000000000000000000000000000000000000
0000000000000000011111111111111111101101111111111111101000000000000000000000000000000000000
0000000000000000001111111111111111111111111111111111000000000000000000000000000000000000000
0000000000000000000011111111111111111111111111111110000000000000000000000000000000000000000
0000000000000000000001111111111111111111111111010110000000000000000000000000000000000000000
0000000000000000000000011111111111111111111011011010000000000000000000000000000000000000000
0000000000000000000000000111111111111111111011010000000000000000000000000000000000000000000
0000000000000000000000000000111111111101101100000000000000000000000000000000000000000000000
0000000000000000000000000000000111010110100000000000000000000000000000000000000000000000000
0000000000000000000000000000000000000010000000000000000000000000000000000000000000000000000
0000000000000000000000000000000000000000000000000000000000000000000000000000000000000000000
0000000000000000000000000000000000000000000000000000000000000000000000000000000000000000000
0000000000000000000000000000000000000000000000000000000000000000000000000000000000000000000
0000000000000000000000000000000000000000000000000000000000000000000000000000000000000000000
0000000000000000000000000000000000000000000000000000000000000000000000000000000000000000000
0000000000000000000000000000000000000000000000000000000000000000000000000000000000000000000
0000000000000000000000000000000000000000000000000000000000000000000000000000000000000000000
0000000000000000000000000000000000000000000000000000000000000000000000000000000000000000000
0000000000000000000000000000000000000000000000000000000000000000000000000000000000000000000
0000000000000000000000000000000000000000000000000000000000000000000000000000000000000000000
0000000000000000000000000000000000000000000000000000000000000000000000000000000000000000000
0000000000000000000000000000000000000000000000000000000000000000000000000000000000000000000
0000000000000000000000000000000000000000000000000000000000000000000000000000000000000000000
0000000000000000000000000000000000000000000000000000000000000000000000000000000000000000000
0000000000000000000000000000000000000000000000000000000000000000000000000000000000000000000
0000000000000000000000000000000000000000000000000000000000000000000000000000000000000000000
0000000000000000000000000000000000000000000000000000000000000000000000000000000000000000000
0000000000000000000000000000000000000000000000000000000000000000000000000000000000000000000
0000000000000000000000000000000000000000000000000000000000000000000000000000000000000000000
0000000000000000000000000000000000000000000000000000000000000000000000000000000000000000000