0000000000000000000000000000000000000000000000000000000000000000000000000000000000000000000
0000000000000000000000000000000000000000000000000000000000000000000000000000000000000000000
0000000000000000000000000000000000000000000000000000000000000000000000000000000000000000000
0000000000000000000000000000000000000000000000000000000000000000000000000000000000000000000
0000000000000000000000000000000000000000001000000110000000000000000000000000000000000000000
0000000000000000000000000000000000000000001111000110100000000000000000000000000000000000000
0000000000000000000000000000000000100011011111111100110000000000000000000000000000000000000
0000000000000000000000000000000000100111111011111101100110000000000000000000000000000000000
0000000000000000000000000000000001111111111111111111101100100000000000000000000000000000000
0000000000000000000000000000001101111111111111111111111101100000000000000000000000000000000
0000000000000000000000000000000111111111111111111111111101101000000000000000000000000000000
0000000000000000000000000000000011111111111111111111111111001000000000000000000000000000000
0000000000000000000000000000111111111111111111111111111111111000000000000000000000000000000
0000000000000000000000000000111111111111111111111111111111111110000000000000000000000000000
0000000000000000000000000001100111111111111111111111111111111111000000000000000000000000000
0000000000000000000000000001111111111111111111111111111111111111000000000000000000000000000
0000000000000000000000000001111111111111111111111111111111111111100000000000000000000000000
0000000000000000000000000011011111111111111111111111111111111111110000000000000000000000000
0000000000000000000000000111111111111111111111111111111111111111110000000000000000000000000
0000000000000000000000000001111111111111111111111111111111111111110000000000000000000000000
0000000000000000000000000110111111111111111111111111111111111111111000000000000000000000000
0000000000000000000000000011111111111111101111111111111111111111111100000000000000000000000
0000000000000000000000000001111111111111111101111111111111111111111100000000000000000000000
0000000000000000000000001111111111111111111001101111111111111111111100000000000000000000000
0000000000000000000000000011111111111111000011000011111111111111111000000000000000000000000
0000000000000001100000000111111111111111100001000001111111111111111100000000000000000000000
0000000000000000000000011111111111111110110000000001011111111111111100000000000000000000000
0000000000000000011100001111111111111100010000000001011111111111111100000000000000000000000
0000000000000000011100001111111111111110000000000000011111111111111110000000000000000000000
0000000000000001111100011111111111111000000000000000011111111111111110000000000000000000000
0000000000000001111111011111111111111000000000000000001111111111111100000000000000000000000
0000000000000001111001001111111111111100000000000000001111111111111110000000000000000000000
0000000000000001111000001111111111110000000000000000000111111111111111000000000000000000000
0000000000000001111110001111111111111000000000000000000111111111111111000000000000000000000
0000000000000000110010001111111111111100000000000000000111111111111110000000000000000000000
0000000000000000111000001111111111110100000000000000000111111111111110000000000000000000000
0000000000000000111100011111111111111000000000000000000111111111111111000000000000000000000
0000000000000000111100011111111111111000000000000000001111111111111110000000000000000000000
0000000000000001111000111111111111111000000000000000001111111111111111000000000000000000000
0000000000000011111100111111111111111000000000000000000111111111111111000000000000000000000
0000000000000011110110111111111111111100000000000000011011111111111111000000000000000000000
0000000000000011100000011111111111111100000000000000001111111111111110000000000000000000000
0000000000000000111000001111111111111100000000000000000111111111111111000000000000000000000
0000000000000000111100011111111111111000000000000000000111111111111111100000000000000000000
0000000000000001111000011111111111111100000000000000001111111111111110100000000000000000000
0000000000000000110000001111111111111110000000000010001111111111111111000000000000000000000
0000000000000001111100110111111111111100000000000011111111111111111111000000000000000000000
0000000000000001111100111111111111111110000000000100001111111111111110000000000000000000000
0000000000000000111000001111111111111100000000000100111111111111111110000000000000000000000
0000000000000000011111101111111111111100000000001111111111111111111110000000000000000000000
0000000000000000001111111111111111111100000000001111000111111111111100000000000000000000000
0000000000000000001100011111111111111100000000011111110111111111111100000000000000000000000
0000000000000000011111111111111111111110000000011101110111111111111110000000000000000000000
0000000000000000010111111111111111111100000000001100000011111111111111000000000000000000000
0000000000000000001011111111111111111110000000001111100011111111111110000000000000000000000
0000000000000000001111111111111111111110000000000011000011111111111110000000000000000000000
0000000000000000000011111111111111111110000000000000000111111111111110000000000000000000000
0000000000000000111011111111111111111111000000000000000001111111111100000000000000000000000
0000000000000000011111111111111111111111100000000000001110111111111110000000000000000000000
0000000000000001000111111111111111111111100000000000000111111111111111000000000000000000000
0000000000000001111111111111111111111111110000000000000001111111111111000000000000000000000
0000000000000000111111111111111111111111110000000000001111111111111110000000000000000000000
0000000000000000011111111111111111111111111100000000000011111111111110000000000000000000000
0000000000000001111111111111111111111111111001000000000111111111111110000000000000000000000
0000000000000000111111111111111111111111111011000000001111111111111110000000000000000000000
0000000000000000111111111111111111111111111011011010001111111111111100000000000000000000000
0000000000000001111111111111111111111111111110011011001111111111111110000000000000000000000
0000000000000000111111111111111111111111111111110011111111111111111100000000000000000000000
0000000000000000111111111111111111111111111111111111011111111111111110000000000000000000000
0000000000000000001111111111111111111111111111111110111111111111111111000000000000000000000
0000000000000000011111111111111111111111111111111111111111111111111110000000000000000000000
0000000000000000000111111111111111111111111111111111111111111111111110000000000000000000000
0000000000000000000011111111111111111111111111111111111111111111111110000000000000000000000
0000000000000000000011111111111111111111111111111111111111111111111111000000000000000000000
0000000000000000000001111111111111111111111111111111111111111111111101000000000000000000000
0000000000000000000000111111111111111111111111111111111111111111111111000000000000000000000
0000000000000000000000111111111111111111111111111111111111111111111111000000000000000000000
0000000000000000000000111111111111111111111111111111111111111111111110000000000000000000000
0000000000000000000000011111111111111111111111111111111111111111111110000000000000000000000
0000000000000000000000011111111111111111111111111111111111111111111110000000000000000000000
0000000000000000000000111111111111111111111111111111111111111111111110000000000000000000000
0000000000000000000000111111111111111111111111111111111111111111111111000000000000000000000
0000000000000000000000011111111111111111111111111111111111111111111111000000000000000000000
0000000000000000000000001111111111111111111111111111111111111111111111100000000000000000000
0000000000000000000000011111111111111111111111111111111111111111111111100000000000000000000
0000000000000000000000011111111111111111111111111111111111111111111111100000000000000000000
0000000000000000000000001111111111111111111111111111111111111111111111111000000000000000000
0000000000000000000000000111111111111111111111111111111111111111111111111000000000000000000
0000000000000000000000001111111111111111111111111111111111111111111111111000000000000000000
0000000000000000000000000111111111111111111111111111111111111111111111110000000000000000000
0000000000000000000000000111111111111111111111111111111111111111111111111100000000000000000
0000000000000000000000000111111111111111111111111111111111111111111111111111000000000000000
0000000000000000000000000111111111111111111111111111111111111111111111111111110000000000000
0000000000000000000000000001111111111111111111111111111111111111111111111111111000000000000
0000000000000000000000000001111111111111111111111111111111111111111111111111110000000000000
0000000000000000000000000001111111111111111111111111111111111111111111111111100000000000000
0000000000000000000000000000011111111111111111111111111111111111111111111111110000000000000
0000000000000000000000000000001111111111111111111111111111101111111111111111110000000000000
0000000000000000000000000000001001111111111111111111111111111111111111111111010000000000000
0000000000000000000000000000000001011111111111111111111111111111111111111111000000000000000
0000000000000000000000000000000000001011111101111110111111011011101111111111111000000000000
0000000000000000000000000000000000000001111011111100111110000111011101111110110000000000000
0000000000000000000000000000000000000000001111000101100010000000011000111100000000000000000
0000000000000000000000000000000000000000000011000001100000000000001000000100000000000000000
0000000000000000000000000000000000000000000000000000000000000000000000000000000000000000000
0000000000000000000000000000000000000000000000000000000000000000000000000000000000000000000
0000000000000000000000000000000000000000000000000000000000000000000000000000000000000000000
0000000000000000000000000000000000000000000000000000000000000000000000000000000000000000000
0000000000000000000000000000000000000000000000000000000000000000000000000000000000000000000
0000000000000000000000000000000000000000000000000000000000000000000000000000000000000000000
0000000000000000000000000000000000000000000000000000000000000000000000000000000000000000000
0000000000000000000000000000000000000000000000000000000000000000000000000000000000000000000
0000000000000000000000000000000000000000000000000000000000000000000000000000000000000000000
0000000000000000000000000000000000000000000000000000000000000000000000000000000000000000000
0000000000000000000000000000000000000000000000000000000000000000000000000000000000000000000
0000000000000000000000000000000000000000000000000000000000000000000000000000000000000000000
0000000000000000000000000000000000000000000000000000000000000000000000000000000000000000000