5330.0
5185.0
5042.0
4901.0
4762.0
4625.0
4490.0
4357.0
4226.0
4097.0
3970.0
3845.0
3722.0
3601.0
3482.0
3365.0
3250.0
3137.0
3026.0
2917.0
2810.0
2705.0
2602.0
2501.0
2402.0
2305.0
2210.0
2117.0
2026.0
1937.0
1850.0
1765.0
1682.0
1601.0
1522.0
1445.0
1370.0
5333.0
5045.0
4765.0
4493.0
4229.0
3973.0
3725.0
3485.0
3253.0
3029.0
2813.0
2605.0
5338.0
5050.0
4633.0
4234.0
3853.0
3490.0
5345.0
5057.0
4505.0
3985.0
5209.0
4786.0
4121.0
5077.0
5090.0
4810.0
5105.0
4842.0
4456.0
4217.0
4013.0
3474.0
3133.0
2601.0
3485.0
2554.0
2824.0
3141.0
3418.0
3744.0
3802.0
3908.0
4160.0
4274.0
4261.0
4660.0
4121.0
4649.0
5066.0
3985.0
4505.0
5057.0
3145.0
3490.0
3853.0
4234.0
4633.0
4770.0
5193.0
2605.0
2813.0
3029.0
3253.0
3485.0
3725.0
3973.0
4229.0
4493.0
4765.0
5045.0
5188.0
1370.0
1445.0
1522.0
1601.0
1682.0
1765.0
1850.0
1937.0
2026.0
2117.0
2210.0
2305.0
2402.0
2501.0
2602.0
2705.0
2810.0
2917.0
3026.0
3137.0
3250.0
3365.0
3482.0
3601.0
3722.0
3845.0
3970.0
4097.0
4226.0
4357.0
4490.0
4625.0
4762.0
4901.0
5042.0
5185.0
