5477.0
5330.0
5185.0
5042.0
4901.0
4762.0
4625.0
4490.0
4357.0
4226.0
4097.0
3970.0
3845.0
3722.0
3601.0
3482.0
3365.0
3250.0
3137.0
3026.0
2917.0
2810.0
2705.0
2602.0
2501.0
2402.0
2305.0
2210.0
2117.0
2026.0
1937.0
1850.0
1765.0
1682.0
1601.0
1522.0
1445.0
5480.0
5333.0
5045.0
4765.0
4493.0
4229.0
3973.0
3725.0
3485.0
3253.0
3029.0
2813.0
2605.0
5485.0
5050.0
4633.0
4234.0
3853.0
3490.0
5492.0
5057.0
4505.0
3985.0
5501.0
4786.0
5512.0
5077.0
5525.0
5540.0
5557.0
5576.0
5769.0
5850.0
5949.0
6052.0
6437.0
6793.0
6224.0
5645.0
6376.0
6052.0
5800.0
5672.0
5620.0
5576.0
5557.0
5540.0
5525.0
5077.0
5512.0
4786.0
5501.0
3985.0
4505.0
5057.0
5492.0
3490.0
3853.0
4234.0
4633.0
5050.0
5485.0
2605.0
2813.0
3029.0
3253.0
3485.0
3725.0
3973.0
4229.0
4493.0
4765.0
5045.0
5333.0
5480.0
1445.0
1522.0
1601.0
1682.0
1765.0
1850.0
1937.0
2026.0
2117.0
2210.0
2305.0
2402.0
2501.0
2602.0
2705.0
2810.0
2917.0
3026.0
3137.0
3250.0
3365.0
3482.0
3601.0
3722.0
3845.0
3970.0
4097.0
4226.0
4357.0
4490.0
4625.0
4762.0
4901.0
5042.0
5185.0
5330.0
5477.0
