5626.0
5477.0
5330.0
5185.0
5042.0
4901.0
4762.0
4625.0
4490.0
4357.0
4226.0
4097.0
3970.0
3845.0
3722.0
3601.0
3482.0
3365.0
3250.0
3137.0
3026.0
2917.0
2810.0
2705.0
2602.0
2501.0
2402.0
2305.0
2210.0
2117.0
2026.0
1937.0
1850.0
1765.0
1682.0
1601.0
1522.0
1445.0
5629.0
5333.0
5045.0
4765.0
4493.0
4229.0
3973.0
3725.0
3485.0
3253.0
3029.0
2813.0
5634.0
5485.0
5050.0
4633.0
4234.0
3853.0
3490.0
5641.0
5057.0
4505.0
5650.0
5501.0
4786.0
5661.0
5077.0
5674.0
5689.0
5706.0
5725.0
5769.0
5850.0
5881.0
6025.0
4801.0
5517.0
6197.0
5141.0
5200.0
6154.0
5949.0
5850.0
5769.0
5725.0
5706.0
5689.0
5674.0
5077.0
5661.0
4786.0
5501.0
5650.0
4505.0
5057.0
5641.0
3490.0
3853.0
4234.0
4633.0
5050.0
5485.0
5634.0
2813.0
3029.0
3253.0
3485.0
3725.0
3973.0
4229.0
4493.0
4765.0
5045.0
5333.0
5629.0
1445.0
1522.0
1601.0
1682.0
1765.0
1850.0
1937.0
2026.0
2117.0
2210.0
2305.0
2402.0
2501.0
2602.0
2705.0
2810.0
2917.0
3026.0
3137.0
3250.0
3365.0
3482.0
3601.0
3722.0
3845.0
3970.0
4097.0
4226.0
4357.0
4490.0
4625.0
4762.0
4901.0
5042.0
5185.0
5330.0
5477.0
5626.0
