0000000000000000000000000000000000000000000000000000000000000000000000000000000000000000000
0000000000000000000000000000000000000000000000000000000000000000000000000000000000000000000
0000000000000000000000000000000000000000000000000000000000000000000000000000000000000000000
0000000000000000000000000000000000000000000000000000000000000000000000000000000000000000000
0000000000000000000000000000000000000000000000000000000000000000000000000000000000000000000
0000000000000000000000000000000000000000000000000000000000000000000000000000000000000000000
0000000000000000000000000000000000000000000000000000000000000000000000000000000000000000000
0000000000000000000000000000000000000000000000000000000000000000000000000000000000000000000
0000000000000000000000000000000000000000000000000000000000000000000000000000000000000000000
0000000000000000000000000000000000000000000000000000000000000000000000000000000000000000000
0000000000000000000000000000000000000000000000000000000000000000000000000000000000000000000
0000000000000000000000000000000000000000000000000000000000000000000000000000000000000000000
0000000000000000000000000000000000000000000000000000000000000000000000000000000000000000000
0000000000000000000000000000000000000000000000000000000000000000000000000000000000000000000
0000000000000000000000000000000000000000000000000000000000000000000000000000000000000000000
0000000000000000000000000000000000000000000000000000000000000000000000000000000000000000000
0000000000000000000000000000000000000000000000000000000000000000000000000000000000000000000
0000000000000000000000000000000000000000000000000000000000000000000000000000000000000000000
0000000000000000000000000000000000000000000000000000000000000000000000000000000000000000000
0000000000000000000000000000000000000000000000000000000000000000000000000000000000000000000
0000000000000000000000000000000000000000000000000000000000000000000000000000000000000000000
0000000000000000000000000000000000000010010000000000000000000000000000000000000000000000000
0000000000000000000000000000000000010010010000000000000000000000000000000000000000000000000
0000000000000000000000000000000000010010010001110000000000000000000000000000000000000000000
0000000000000000000000000000000011111111111111110000000000000000000000000000000000000000000
0000000000000000000000000000000111111111111110110000000000000000000000000000000000000000000
0000000000000000000000000000010111111111111110111111111000000000000000000000000000000000000
0000000000000000000000000000011111111111111111111111111000000000000000000000000000000000000
0000000000000000000000000000001111111111111111111111011000000000000000000000000000000000000
0000000000000000000000000001111111111111111111110111111111000000000000000000000000000000000
0000000000000000000000000001111101001001001000110111111111000000000000000000000000000000000
0000000000000000000000000000000001001001001100111111111001000000000000000000000000000000000
0000000000000000000000000000000001001001000110111100111111111000000000000000000000000000000
0000000000000000000000000000000000000000000000000110111111011000000000000000000000000000000
0000000000000000000000000000000000000000000000000111111111001000000000000000000000000000000
0000000000000000000000000000000000000000000000000100100111111000000000000000000000000000000
0000000000000000000000000000000000000000000000000000110111111100000000000000000000000000000
0000000000000000000000000000000000000000000000000000111111111100000000000000000000000000000
0000000000000000000000000000000000000000000000000000000000011111100000000000000000000000000
0000000000000000000000000000000000000000000000000000000011011111100000000000000000000000000
0000000000000000000111110000000000000000000000000000000011111100000000000000000000000000000
0000000000000000000110000000000000000000000000000000000000011111100000000000000000000000000
0000000000000000000110000000000000000000000000000000000000011111100000000000000000000000000
0000000000000000011111111000000000000000000000000000000000011111100000000000000000000000000
0000000000000000001110000000000000000000000000000000000000011111100000000000000000000000000
0000000000000000111111000000000000000000000000000000000000011111100000000000000000000000000
0000000000000001111111111000000000000000000000000000000000011111100000000000000000000000000
0000000000000000001111000000000000000000000000000000000000010011100000000000000000000000000
0000000000000001111111000000000000000000000000000000000000011111100000000000000000000000000
0000000000000000111111000000000000000000000000000000000000011111110000000000000000000000000
0000000000000000011111000000000000000000000000000000000000000011111110000000000000000000000
0000000000000000111111000000000000000000000000000000000000011111110000000000000000000000000
0000000000000000111111000000000000000000000000000000000000011111110000000000000000000000000
0000000000000000001111000000000000000000000000000000000000000001111100000000000000000000000
0000000000000000111111000000000000000000000000000000000000001111110000000000000000000000000
0000000000000000111111000000000000000000000000000000000000001111110000000000000000000000000
0000000000000000000111000000000000000000000000000000000000000001111000000000000000000000000
0000000000000000111111000000000000000000000000000000000000001111110000000000000000000000000
0000000000000000111111000000000000000000000000000000000000001111110000000000000000000000000
0000000000000000000111000000000000000000000000000000000000000001110000000000000000000000000
0000000000000000111111100000000000000000000000000000000000001111110000000000000000000000000
0000000000000000111111100000000000000000000000000000000000001111110000000000000000000000000
0000000000000000000011111100000000000000000000000000000000001111110000000000000000000000000
0000000000000000111111101100000000000000000000000000000000001111110000000000000000000000000
0000000000000000011111100000000000000000000000000000000000001111111000000000000000000000000
0000000000000000000011111100000000000000000000000000000000011111111000000000000000000000000
0000000000000000011111111100000000000000000000000000000000011111111000000000000000000000000
0000000000000000011111100100000000000000000000000000000000111111111000000000000000000000000
0000000000000000000011111101100000000000000000000000000001111111111000000000000000000000000
0000000000000000000011111100100000000000000000000000000011111111111000000000000000000000000
0000000000000000000011111100100010000000000000000000000111111111111000000000000000000000000
0000000000000000000010011111111110000000000000000000001111111111011000000000000000000000000
0000000000000000000011111111111110000000000000000010111111111111111000000000000000000000000
0000000000000000000011111111110011110110000000000011111111111111111000000000000000000000000
0000000000000000000000011101111111110010000000010011111111111111001000000000000000000000000
0000000000000000000000001111111111110010000000011111111111111111111000000000000000000000000
0000000000000000000000001111111110111111110111111111111111111111111000000000000000000000000
0000000000000000000000000001111111111111110111111111111111111111000000000000000000000000000
0000000000000000000000000001111111111110111111111111111111111111111000000000000000000000000
0000000000000000000000000001111111111111111111111111111111111111111100000000000000000000000
0000000000000000000000000000001101111111111111111111111111111111000000000000000000000000000
0000000000000000000000000000001111111111111111111111100100111111111100000000000000000000000
0000000000000000000000000000001111111000100110100110100110111111110000000000000000000000000
0000000000000000000000000000000001000000100100110100100111111111100000000000000000000000000
0000000000000000000000000000000001000000100100110100100000111111000000000000000000000000000
0000000000000000000000000000000000000000000000000000000000011011100000000000000000000000000
0000000000000000000000000000000000000000000000000000000000010011100000000000000000000000000
0000000000000000000000000000000000000000000000000000000000011100000000000000000000000000000
0000000000000000000000000000000000000000000000000000000000011100000000000000000000000000000
0000000000000000000000000000000000000000000000000000000000000000000000000000000000000000000
0000000000000000000000000000000000000000000000000000000000000000000000000000000000000000000
0000000000000000000000000000000000000000000000000000000000000000000000000000000000000000000
0000000000000000000000000000000000000000000000000000000000000000000000000000000000000000000
0000000000000000000000000000000000000000000000000000000000000000000000000000000000000000000
0000000000000000000000000000000000000000000000000000000000000000000000000000000000000000000
0000000000000000000000000000000000000000000000000000000000000000000000000000000000000000000
0000000000000000000000000000000000000000000000000000000000000000000000000000000000000000000
0000000000000000000000000000000000000000000000000000000000000000000000000000000000000000000
0000000000000000000000000000000000000000000000000000000000000000000000000000000000000000000
0000000000000000000000000000000000000000000000000000000000000000000000000000000000000000000
0000000000000000000000000000000000000000000000000000000000000000000000000000000000000000000
0000000000000000000000000000000000000000000000000000000000000000000000000000000000000000000
0000000000000000000000000000000000000000000000000000000000000000000000000000000000000000000
0000000000000000000000000000000000000000000000000000000000000000000000000000000000000000000
0000000000000000000000000000000000000000000000000000000000000000000000000000000000000000000
0000000000000000000000000000000000000000000000000000000000000000000000000000000000000000000
0000000000000000000000000000000000000000000000000000000000000000000000000000000000000000000
0000000000000000000000000000000000000000000000000000000000000000000000000000000000000000000
0000000000000000000000000000000000000000000000000000000000000000000000000000000000000000000
0000000000000000000000000000000000000000000000000000000000000000000000000000000000000000000
0000000000000000000000000000000000000000000000000000000000000000000000000000000000000000000
0000000000000000000000000000000000000000000000000000000000000000000000000000000000000000000
0000000000000000000000000000000000000000000000000000000000000000000000000000000000000000000
0000000000000000000000000000000000000000000000000000000000000000000000000000000000000000000
0000000000000000000000000000000000000000000000000000000000000000000000000000000000000000000
0000000000000000000000000000000000000000000000000000000000000000000000000000000000000000000
0000000000000000000000000000000000000000000000000000000000000000000000000000000000000000000