0000000000000000000000000000000000000000000000000000000000000000000000000000000000000000000
0000000000000000000000000000000000000000000000000000000000000000000000000000000000000000000
0000000000000000000000000000000000000000000000000000000000000000000000000000000000000000000
0000000000000000000000000000000000000000000000000000000000000000000000000000000000000000000
0000000000000000000000000000000000000000000000000000000000000000000000000000000000000000000
0000000000000000000000000000000000000000000000000000000000000000000000000000000000000000000
0000000000000000000000000000000000000000000000000000000000000000000000000000000000000000000
0000000000000000000000000000000000000000000000000000000000000000000000000000000000000000000
0000000000000000000000000000000000000000000000000000000000000000000000000000000000000000000
0000000000000000000000000000000000000000000000000000000000000000000000000000000000000000000
0000000000000000000000000000000000000000000000000000000000000000000000000000000000000000000
0000000000000000000000000000000000000000000000000000000000000000000000000000000000000000000
0000000000000000000000000000000000000000000000000000000000000000000000000000000000000000000
0000000000000000000000000000000000000000000000000000000000000000000000000000000000000000000
0000000000000000000000000000000000000000000000000000000000000000000000000000000000000000000
0000000000000000000000000000000000000000000000000000000000000000000000000000000000000000000
0000000000000000000000000000000000000000000000000000000000000000000000000000000000000000000
0000000000000000000000000000000000000000000000000000000000000000000000000000000000000000000
0000000000000000000000000000000000000000000000000000000000000000000000000000000000000000000
0000000000000000000000000000000000000000000000000000000000000000000000000000000000000000000
0000000000000000000000000000000000000000000000000000000000000000000000000000000000000000000
0000000000000000000000000000000000000000000000000000000000000000000000000000000000000000000
0000000000000000000000000000000000000000000000000000000000000000000000000000000000000000000
0000000000000000000000000000000000000000000000000000000000000000000000000000000000000000000
0000000000000000000000000000000000000000000000000000000000000000000000000000000000000000000
0000000000000000000000000000000000000000000000000000000000000000000000000000000000000000000
0000000000000000000000000000000000000000000000000000000000000000000000000000000000000000000
0000000000000000000000000000000000000000000000000000000000000000000000000000000000000000000
0000000000000000000000000000000000000000000000000000000000000000000000000000000000000000000
0000000000000000000000000000000000000000100000000000000000000000000000000000000000000000000
0000000000000000000000000000000000000110110000011010000000000000000000000000000000000000000
0000000000000000000000000000000001111111011011111011000111000000000000000000000000000000000
0000000000000000000000000000001111111011011111111101111111110000000000000000000000000000000
0000000000000000000100100101111011011111111111111111111111111000000000000000000000000000000
0000000000000000000100111111111111111111111111111111111111111111000000000000000000000000000
0000000000000000000111111111111111111111111111111111111111111110000000000000000000000000000
0000000000000000011111111111111111111111111111111111111111111111100000000000000000000000000
0000000000000000111111111111111111111111111111111111111111111111100000000000000000000000000
0000000000000000011111111111111111111111111111111111111111111111000000000000000000000000000
0000000000000000011101111111010111111111011011111111111111111111110000000000000000000000000
0000000000000000011111111000000011001001001011000111111111111111110000000000000000000000000
0000000000000000001110000000000000000001101000000000111111111111001000000000000000000000000
0000000000000000000000000000000000000000000000000001111111111111011000000000000000000000000
0000000000000000000000000000000000000000000000000000001111111111111000000000000000000000000
0000000000000000000000000000000000000000000000000000001111111111100000000000000000000000000
0000000000000000000000000000000000000000000000000000111111111111100000000000000000000000000
0000000000000000000000000000000000000000000000000000110111111111100000000000000000000000000
0000000000000000000000000000000000000000000000000000100111111111100000000000000000000000000
0000000000000000000000000000000000000000000000000001111111111100000000000000000000000000000
0000000000000000000000000000000000000000000000000111011111101110000000000000000000000000000
0000000000000000000000000000000000000000000000000000011111111110000000000000000000000000000
0000000000000000000000000000000000000000000000000000111111111110000000000000000000000000000
0000000000000000000000000000000000000000000000000011111111110000000000000000000000000000000
0000000000000000000000000000000000000000000000000001101110110000000000000000000000000000000
0000000000000000000000000000000000000000000000000001111111111000000000000000000000000000000
0000000000000000000000000000000000000000000000000111111111110000000000000000000000000000000
0000000000000000000000000000000000000000000000001110111111000000000000000000000000000000000
0000000000000000000000000000000000000000000000000110111011000000000000000000000000000000000
0000000000000000000000000000000000000000000000000111111111100000000000000000000000000000000
0000000000000000000000000000000000000000000000011111111111000000000000000000000000000000000
0000000000000000000000000000000000000000000000111011111100000000000000000000000000000000000
0000000000000000000000000000000000000000000000010011111100000000000000000000000000000000000
0000000000000000000000000000000000000000000000011111111110000000000000000000000000000000000
0000000000000000000000000000000000000000000000011111111000000000000000000000000000000000000
0000000000000000000000000000000000000000000000001111110000000000000000000000000000000000000
0000000000000000000000000000000000000000000000001111110000000000000000000000000000000000000
0000000000000000000000000000000000000000000001111111111000000000000000000000000000000000000
0000000000000000000000000000000000000000000001111111000000000000000000000000000000000000000
0000000000000000000000000000000000000000000000110111000000000000000000000000000000000000000
0000000000000000000000000000000000000000000001111111000000000000000000000000000000000000000
0000000000000000000000000000000000000000000111111111100000000000000000000000000000000000000
0000000000000000000000000000000000000000000111111100100000000000000000000000000000000000000
0000000000000000000000000000000000000000000010111101100000000000000000000000000000000000000
0000000000000000000000000000000000000000000111111111100000000000000000000000000000000000000
0000000000000000000000000000000000000000011111111110000000000000000000000000000000000000000
0000000000000000000000000000000000000000011011110110000000000000000000000000000000000000000
0000000000000000000000000000000000000000001111111110000000000000000000000000000000000000000
0000000000000000000000000000000000000000111111111110000000000000000000000000000000000000000
0000000000000000000000000000000000000001101111111000000000000000000000000000000000000000000
0000000000000000000000000000000000000001001111111000000000000000000000000000000000000000000
0000000000000000000000000000000000000000011111111000000000000000000000000000000000000000000
0000000000000000000000000000000000000000111111110000000000000000000000000000000000000000000
0000000000000000000000000000000000000000111111100000000000000000000000000000000000000000000
0000000000000000000000000000000000000000111111100000000000000000000000000000000000000000000
0000000000000000000000000000000000000011111111100000000000000000000000000000000000000000000
0000000000000000000000000000000000000011111110010000000000000000000000000000000000000000000
0000000000000000000000000000000000000011011111110000000000000000000000000000000000000000000
0000000000000000000000000000000000000011111111110000000000000000000000000000000000000000000
0000000000000000000000000000000000011111111111000000000000000000000000000000000000000000000
0000000000000000000000000000000000001101111011000000000000000000000000000000000000000000000
0000000000000000000000000000000000001001111111000000000000000000000000000000000000000000000
0000000000000000000000000000000000001111111111000000000000000000000000000000000000000000000
0000000000000000000000000000000000000111111000000000000000000000000000000000000000000000000
0000000000000000000000000000000000000111111000000000000000000000000000000000000000000000000
0000000000000000000000000000000000000111111100000000000000000000000000000000000000000000000
0000000000000000000000000000000000111111111100000000000000000000000000000000000000000000000
0000000000000000000000000000000000011011100100000000000000000000000000000000000000000000000
0000000000000000000000000000000000010111101110000000000000000000000000000000000000000000000
0000000000000000000000000000000000111111111110000000000000000000000000000000000000000000000
0000000000000000000000000000000000001111110000000000000000000000000000000000000000000000000
0000000000000000000000000000000000001110110000000000000000000000000000000000000000000000000
0000000000000000000000000000000000011111111000000000000000000000000000000000000000000000000
0000000000000000000000000000000001111111110000000000000000000000000000000000000000000000000
0000000000000000000000000000000000110111000000000000000000000000000000000000000000000000000
0000000000000000000000000000000000111111001100000000000000000000000000000000000000000000000
0000000000000000000000000000000011111111111000000000000000000000000000000000000000000000000
0000000000000000000000000000000110111110000000000000000000000000000000000000000000000000000
0000000000000000000000000000000000011100000000000000000000000000000000000000000000000000000
0000000000000000000000000000000001111101000000000000000000000000000000000000000000000000000
0000000000000000000000000000000011111111000000000000000000000000000000000000000000000000000
0000000000000000000000000000000010001010000000000000000000000000000000000000000000000000000
0000000000000000000000000000000000000110000000000000000000000000000000000000000000000000000
0000000000000000000000000000000000000111000000000000000000000000000000000000000000000000000
0000000000000000000000000000000000000000000000000000000000000000000000000000000000000000000
0000000000000000000000000000000000000000000000000000000000000000000000000000000000000000000
0000000000000000000000000000000000000000000000000000000000000000000000000000000000000000000
0000000000000000000000000000000000000000000000000000000000000000000000000000000000000000000