0000000000000000000000000000000000000000000000000000000000000000000000000000000000000000000
0000000000000000000000000000000000000000000000000000000000000000000000000000000000000000000
0000000000000000000000000000000000000000000000000000000000000000000000000000000000000000000
0000000000000000000000000000000000000000000000000000000000000000000000000000000000000000000
0000000000000000000000000000000000000000000000000000000000000000000000000000000000000000000
0000000000000000000000000000000000000000000000000000000000000000000000000000000000000000000
0000000000000000000000000000000000000000000000000000000000000000000000000000000000000000000
0000000000000000000000000000000000000000000000000000000000000000000000000000000000000000000
0000000000000000000000000000000000000000000000000000000000000000000000000000000000000000000
0000000000000000000000000000000000000000000000000000000000000000000000000000000000000000000
0000000000000000000000000000000000000000000000000000000000000000000000000000000000000000000
0000000000000000000000000000000000000000000000000000000000000000000000000000000000000000000
0000000000000000000000000000000000000000000000000000000000000000000000000000000000000000000
0000000000000000000000000000000000000000000000000000000000000000000000000000000000000000000
0000000000000000000000000000000000000000000000000000000000000000000000000000000000000000000
0000000000000000000000000000000000000000000000000000000000000000000000000000000000000000000
0000000000000000000000000000000000000000000000000000000000000000000000000000000000000000000
0000000000000000000000000000000000000000000000000000000000000000000000000000000000000000000
0000000000000000000000000000000000000000000000000000000000000000000000000000000000000000000
0000000000000000000000000000000000000000000000000000000000000000000000000000000000000000000
0000000000000000000000000000000000000000000000000000000000000000000000000000000000000000000
0000000000000000000000000000000000000000000000000000000000000000000000000000000000000000000
0000000000000000000000000000000000000000000000000000000000000000000000000000000000000000000
0000000000000000000000000000000000000000000000000000000000000000000000000000000000000000000
0000000000000000000000000000000000000000000000000000000000000000000000000000000000000000000
0000000000110000000000000000000000000000000000000000000000000000000000000000000000000000000
0000000000110000110000000000000000000000000000000000000000000000000000000000000000000000000
0000000000010110110000110000000010000000010000000000000000000000000000000000000000000000000
0000000000011111011111111000011011000010010000000000000000000000000010000000000000000000000
0000000000011011111111011111011001011111011011011001001111001001011011000000000000000000000
0000000000011111111011111111011011111011011111011001111011001111011001111000000000000000011
0000000000011111111111111111111111111011111111011111011001111011001111011000111000000111011
0000000000011111111111111111111111111111111111111111111111111101111111101111111100111111111
0000000000011111111111111111111111111111111111111111111111111111111111111111111111111111111
0000000000011111111111111111111111111111111111111111111111111111111111111111111111111111111
0000000000011111111111111111111111111111111111111111111111111111111111111111111111111111111
0000000000011111111111111111111111111111111111111111111111111111111111111111111111111111111
0000000000011111111111111111111111111111111111111111111111111111111111111111111111111111111
0000000000011111111111111111111111111111111111111111111111111111111111111111111111111111111
0000000000011111111111111111111111111111111111111111111111111111111111111111111111111111111
0000000000011111111111111111111111111111111111111111111111111111111111111111111111111111111
0000000000011111111111111111111111111111111111111111111111111111111111111111111111111111111
0000000000011111111111111111111111111111111111111111111111111111111111111111111111111111111
0000000000011111111111111111111111111111111111111111111111111111111111111111111111111111111
0000000000011111111111111111111111111111111111111111111111111111111111111111111111111111111
0000000000011111111111111111111111111111111111111111111111111111111111111111111111111111111
0000000000011111111111111111111111111111111111111111111111111111111111111111111111111111111
0000000000011111111111111111111111111111111111111111111111111111111111111111111111111111111
0000000000011111111111111111111111111111111111111111111111111111111111111111111111111111111
0000000000011111111111111111111111111111111111111111111111111111111111111111111111111111111
0000000000011111111111111111111111111111111111111111111111111111111111111111111111111111111
0000000000011111111111111111111111111111111111111111111111111111111111111111111111111111111
0000000000011111111111111111111111111111111111111111111111111111111111111111111111111111111
0000000000011111111111111111111111111111111111111111111111111111111111111111111111111111111
0000000000011111111111111111111111111111111111111111111111101111111111001101111101111111001
0000000000011111111111111111111111111111111111111111111111111111111001101110001101111001001
0000000000011111111111111111111111111111111111111111111111111101001001100000001110001001101
0000000000011111111111111111111111111111111111111111111110100100000000000000000000000000000
0000000000011111111111111111111111111111111111111111111100000100000000000000000000000000000
0000000000011111111111111111111111111111111111111111110000000100000000000000000000000000000
0000000000011111111111111111111111111111111111111111010000000000000000000000000000000000000
0000000000011111111111111111111111111111111111111111010000000000000000000000000000000000000
0000000000011111111111111111111111111111111111111111000000000000000000000000000000000000000
0000000000011111111111111111111111111111111111111100000000000000000000000000000000000000000
0000000000011111111111111111111111111111111111111100000000000000000000000000000000000000000
0000000000011111111111111111111111111111111111111000000000000000000000000000000000000000000
0000000000011111111111111111111111111111111111110000000000000000000000000000000000000000000
0000000000011111111111111111111111111111111111110000000000000000000000000000000000000000000
0000000000011111111111111111111111111111111111100000000000000000000000000000000000000000000
0000000000011111111111111111111111111111111111100000000000000000000000000000000000000000000
0000000000011111111111111111111111111111111111000000000000000000000000000000000000000000000
0000000000011111111111111111111111111111111111000000000000000000000000000000000000000000000
0000000000011111111111111111111111111111111110000000000000000000000000000000000000000000000
0000000000011111111111111111111111111111111110000000000000000000000000000000000000000000000
0000000000011111111111111111111111111111111100000000000000000000000000000000000000000000000
0000000000011111111111111111111111111111111100000000000000000000000000000000000000000000000
0000000000011111111111111111111111111111111000000000000000000000000000000000000000000000000
0000000000011111111111111111111111111111110000000000000000000000000000000000000000000000000
0000000000011111111111111111111111111111110000000000000000000000000000000000000000000000000
0000000000011111111111111111111111111111100000000000000000000000000000000000000000000000000
0000000000011111111111111111111111111111100000000000000000000000000000000000000000000000000
0000000000011111111111111111111111111110000000000000000000000000000000000000000000000000000
0000000000011111111111111111111111111110000000000000000000000000000000000000000000000000000
0000000000011111111111111111111111111100000000000000000000000000000000000000000000000000000
0000000000011111111111111111111111111100000000000000000000000000000000000000000000000000000
0000000000011111111111111111111111111100000000000000000000000000000000000000000000000000000
0000000000011111111111111111111111111000000000000000000000000000000000000000000000000000000
0000000000011111111111111111111111111000000000000000000000000000000000000000000000000000000
0000000000011111111111111111111111110000000000000000000000000000000000000000000000000000000
0000000000011111111111111111111111110000000000000000000000000000000000000000000000000000000
0000000000011111111111111111111111000000000000000000000000000000000000000000000000000000000
0000000000011111111111111111111111000000000000000000000000000000000000000000000000000000000
0000000000011111111111111111111110000000000000000000000000000000000000000000000000000000000
0000000000011111111111111111111110000000000000000000000000000000000000000000000000000000000
0000000000011111111111111111111100000000000000000000000000000000000000000000000000000000000
0000000000011111111111111111111110000000000000000000000000000000000000000000000000000000000
0000000000011111111111111111111100000000000000000000000000000000000000000000000000000000000
0000000000011111111111111111111100000000000000000000000000000000000000000000000000000000000
0000000000011111111111111111111000000000000000000000000000000000000000000000000000000000000
0000000000011111111111111111111000000000000000000000000000000000000000000000000000000000000
0000000000011111111111111111111000000000000000000000000000000000000000000000000000000000000
0000000000011111111111111111110000000000000000000000000000000000000000000000000000000000000
0000000000011111111111111111100000000000000000000000000000000000000000000000000000000000000
0000000000011111111111111111100000000000000000000000000000000000000000000000000000000000000
0000000000011111111111111111100000000000000000000000000000000000000000000000000000000000000
0000000000011111111111111111100000000000000000000000000000000000000000000000000000000000000
0000000000011111111111111110000000000000000000000000000000000000000000000000000000000000000
0000000000011111111111111100000000000000000000000000000000000000000000000000000000000000000
0000000000011111111111111100000000000000000000000000000000000000000000000000000000000000000
0000000000011111111111111100000000000000000000000000000000000000000000000000000000000000000
0000000000011111111111100000000000000000000000000000000000000000000000000000000000000000000
0000000000011111111111000000000000000000000000000000000000000000000000000000000000000000000
0000000000011111111111000000000000000000000000000000000000000000000000000000000000000000000
0000000000011111111110000000000000000000000000000000000000000000000000000000000000000000000
0000000000011111111111000000000000000000000000000000000000000000000000000000000000000000000
0000000000011111111110000000000000000000000000000000000000000000000000000000000000000000000
0000000000011111111100000000000000000000000000000000000000000000000000000000000000000000000