0000000000000000000000000000000000000000000000000000000000000000000000000000000000000000000
0000000000000000000000000000000000000000000000000000000000000000000000000000000000000000000
0000000000000000000000000000000000000000000000000000000000000000000000000000000000000000000
0000000000000000000000000000000000000000000000000000000000000000000000000000000000000000000
0000000000000000000000000000000000000000000000000000000000000000000000000000000000000000000
0000000000000000000000000000000000000000000000000000000000000000000000000000000000000000000
0000000000000000000000000000000000000000000000001000000110000000000000000000000000000000000
0000000000000000000000000000000000000000000000101100111111011000000000000000000000000000000
0000000000000000000000000000000000000000000001110111111111111111000000000000000000000000000
0000000000000000000000000000000000000000001110110111111111111110000000000000000000000000000
0000000000000000000000000000000000000000000111111111111111111111011000000000000000000000000
0000000000000000000000000000000000000000000111111111111111111111110000000000000000000000000
0000000000000000000000000000000000000000000111111111111111111111100000000000000000000000000
0000000000000000000000000000000000000000000011111111111111111111100000000000000000000000000
0000000000000000000000000000000000000000000001111111111111111111110000000000000000000000000
0000000000000000000000000000000000000000000111111111111111111111000000000000000000000000000
0000000000000000000000000000000000000000000000111111111111111110000000000000000000000000000
0000000000000000000000000000000000000000000000111111111111110000000000000000000000000000000
0000000000000000000000000000000000000000000000011111111111011000000000000000000000000000000
0000000000000000000000000000000000000000000000011111111111111000000000000000000000000000000
0000000000000000000000000000000000000000000000011111111111111000000000000000000000000000000
0000000000000000000000000000000000000000000000001111111111100000000000000000000000000000000
0000000000000000000000000000000000000000000000000111111111100000000000000000000000000000000
0000000000000000000000000000000000000000000000000011111111110000000000000000000000000000000
0000000000000000000000000000000000000000000000000011111111110000000000000000000000000000000
0000000000000000000000000000000000000000000000000001111111000000000000000000000000000000000
0000000000000000000000000000000000000000000000000111111111000000000000000000000000000000000
0000000000000000000000000000000000000000000000001100111111000000000000000000000000000000000
0000000000000000000000000000000000000000000000000000111111100000000000000000000000000000000
0000000000000000000000000000000000000000000000000011111110110000000000000000000000000000000
0000000000000000000000000000000000000000000000000011111111110000000000000000000000000000000
0000000000000000000000000000000000000000000000000011011111110000000000000000000000000000000
0000000000000000000000000000000000000000000000000011111111000000000000000000000000000000000
0000000000000000000000000000000000000000000000000001111111011100000000000000000000000000000
0000000000000000000000000000000000000000000000000000111111110000000000000000000000000000000
0000000000000000000000000000000000000000000000000001111111100000000000000000000000000000000
0000000000000000000000000000000000000000000000000111111100110000000000000000000000000000000
0000000000000000000000000000000000000000000000000011011111110000000000000000000000000000000
0000000000000000000000000000000000000000000000000010111111100000000000000000000000000000000
0000000000000000000000000000000000000000000000000011111111000000000000000000000000000000000
0000000000000000000000000000000000000000000000000001111111000000000000000000000000000000000
0000000000000000000000000000000000000000000000000000111111110000000000000000000000000000000
0000000000000000000000000000000000000000000000000001111111100000000000000000000000000000000
0000000000000000000000000000000000000000000000000111111101110000000000000000000000000000000
0000000000000000000000000000000000000000000000000011011111110000000000000000000000000000000
0000000000000000000000000000000000000000000000000010111111100000000000000000000000000000000
0000000000000000000000000000000000000000000000000001111111000000000000000000000000000000000
0000000000000000000000000000000000000000000000000001111111000000000000000000000000000000000
0000000000000000000000000000000000000000000000000000111111110000000000000000000000000000000
0000000000000000000000000000000000000000000000000001111111100000000000000000000000000000000
0000000000000000000000000000000000000000000000000111111101110000000000000000000000000000000
0000000000000000000000000000000000000000000000000011011111110000000000000000000000000000000
0000000000000000000000000000000000000000000000000011111111000000000000000000000000000000000
0000000000000000000000000000000000000000000000000001111111000000000000000000000000000000000
0000000000000000000000000000000000000000000000000001111111000000000000000000000000000000000
0000000000000000000000000000000000000000000000000000111111100000000000000000000000000000000
0000000000000000000000000000000000000000000000000011111111100000000000000000000000000000000
0000000000000000000000000000000000000000000000000111011101110000000000000000000000000000000
0000000000000000000000000000000000000000000000000010011111110000000000000000000000000000000
0000000000000000000000000000000000000000000000000011111111000000000000000000000000000000000
0000000000000000000000000000000000000000000000000001111111000000000000000000000000000000000
0000000000000000000000000000000000000000000000000001111111000000000000000000000000000000000
0000000000000000000000000000000000000000000000000000111111100000000000000000000000000000000
0000000000000000000000000000000000000000000000000011111110100000000000000000000000000000000
0000000000000000000000000000000000000000000000000111111101110000000000000000000000000000000
0000000000000000000000000000000000000000000000000011011111110000000000000000000000000000000
0000000000000000000000000000000000000000000000000011111111000000000000000000000000000000000
0000000000000000000000000000000000000000000000000111111111000000000000000000000000000000000
0000000000000000000000000000000000000000000000001101111111000000000000000000000000000000000
0000000000000000000000000000000000000000000000001001111111100000000000000000000000000000000
0000000000000000000000000000000000000000000000000111111101100000000000000000000000000000000
0000000000001000000000000000000000000000000000000111011101110000000000000000000000000000000
0000000000001001100000000000000000000000000000000010111111100000000000000000000000000000000
0000000000001101001000000000000000000000000000000011111110000000000000000000000000000000000
0000000000000111111100000000000000000000000000001111111111000000000000000000000000000000000
0000000000011111110000000000000000000000000000001100111111000000000000000000000000000000000
0000000000111011101110000000000000000000000000000101111111000000000000000000000000000000000
0000000000010011111110000000000000000000000000000111111100100000000000000000000000000000000
0000000000001111111001000000000000000000000000000011111110110000000000000000000000000000000
0000000000001111111111000000000000000000000000000011111111100000000000000000000000000000000
0000000000001111111111000000000000000000000000000011111111000000000000000000000000000000000
0000000000000111111100100000000000000000000000001111111011000000000000000000000000000000000
0000000000011111111101110000000000000000000000111111111011100000000000000000000000000000000
0000000000111111111111100000000000000000000001110111111111000000000000000000000000000000000
0000000000010011111110001000000000000000001100110111111100000000000000000000000000000000000
0000000000001111111111111000000000000000000100111111110110000000000000000000000000000000000
0000000000001101111111110000000000000000100101111111111110000000000000000000000000000000000
0000000000000001111111111110000000000000100111111111111100000000000000000000000000000000000
0000000000000111111111111111110000100000111111111111111000000000000000000000000000000000000
0000000000000100011111111111111110110011111111111111001000000000000000000000000000000000000
0000000000000001111111111111111111111111111111111111001100000000000000000000000000000000000
0000000000000011101111111111111111111111111111111011101000000000000000000000000000000000000
0000000000000000001111111111111111111111111111011111100000000000000000000000000000000000000
0000000000000000000111111111111111111111111111111100000000000000000000000000000000000000000
0000000000000000000111111111111111111111111101101000000000000000000000000000000000000000000
0000000000000000000000111111111111111111101101100000000000000000000000000000000000000000000
0000000000000000000000000111111111111101101110000000000000000000000000000000000000000000000
0000000000000000000000000000001011111100110000000000000000000000000000000000000000000000000
0000000000000000000000000000000001000110100000000000000000000000000000000000000000000000000
0000000000000000000000000000000000000000000000000000000000000000000000000000000000000000000
0000000000000000000000000000000000000000000000000000000000000000000000000000000000000000000
0000000000000000000000000000000000000000000000000000000000000000000000000000000000000000000
0000000000000000000000000000000000000000000000000000000000000000000000000000000000000000000
0000000000000000000000000000000000000000000000000000000000000000000000000000000000000000000
0000000000000000000000000000000000000000000000000000000000000000000000000000000000000000000
0000000000000000000000000000000000000000000000000000000000000000000000000000000000000000000
0000000000000000000000000000000000000000000000000000000000000000000000000000000000000000000
0000000000000000000000000000000000000000000000000000000000000000000000000000000000000000000
0000000000000000000000000000000000000000000000000000000000000000000000000000000000000000000
0000000000000000000000000000000000000000000000000000000000000000000000000000000000000000000
0000000000000000000000000000000000000000000000000000000000000000000000000000000000000000000
0000000000000000000000000000000000000000000000000000000000000000000000000000000000000000000
0000000000000000000000000000000000000000000000000000000000000000000000000000000000000000000
0000000000000000000000000000000000000000000000000000000000000000000000000000000000000000000
0000000000000000000000000000000000000000000000000000000000000000000000000000000000000000000
0000000000000000000000000000000000000000000000000000000000000000000000000000000000000000000
0000000000000000000000000000000000000000000000000000000000000000000000000000000000000000000