0000000000000000000000000000000000000000000000000000000000000000000000000000000000000000000
0000000000000000000000000000000000000000000000000000000000000000000000000000000000000000000
0000000000000000000000000000000000000000000000000000000000000000000000000000000000000000000
0000000000000000000000000000000000000000000000000000000000000000000000000000000000000000000
0000000000000000000000000000000000000000000000000000000000000000000000000000000000000000000
0000000000000000000000000000000000000000000000000000000000000000000000000000000000000000000
0000000000000000000000000000000000000000000000000000000000000000000000000000000000000000000
0000000000000000000000000000000000000000000000000000000000000000000000000000000000000000000
0000000000000000000000000000000000000000000000000000000000000000000000000000000000000000000
0000000000000000000000000000000000000000000000000000000000000000000000000000000000000000000
0000000000000000000000000000000000000000000000000000000000000000000000000000000000000000000
0000000000000000000000000000000000000000000000000000000000000000000000000000000000000000000
0000000000000000000000000000000000000000000000000000000000000000000000000000000000000000000
0000000000000000000000000000000000000000000000000000000000000000000000000000000000000000000
0000000000000000000000000000000000000000000000000000000000000000000000000000000000000000000
0000000000000000000000000000000000000000000000000000000000000000000000000000000000000000000
0000000000000000000000000000000000000000000000000000000000000000000000000000000000000000000
0000000000000000000000000000000000000000000000000000000000000000000000000000000000000000000
0000000000000000000000000000000000000000000000000000000000000000000000000000000000000000000
0000000000000000000000000000000000000000000000000000000000000000000000000000000000000000000
0000000000000000000000000000000000000000000000000000000000010000000000000000000000000000000
0000000000000000000000000000000000000000000000000010001100111001110000000000000000000000000
0000000000000000000000000000000000000000000001100111011110111111101000000000000000000000000
0000000000000000000000000000000000000000000011111111111111111110011000000000000000000000000
0000000000000000000000000000000000000001000110111111110011101111111000000000000000000000000
0000000000000000000000000000000000000001101111111111111111101111011000000000000000000000000
0000000000000000000000000000000000000001111111011100110011111111111000000000000000000000000
0000000000000000000000000000000000000000111111111111111111111101110000000000000000000000000
0000000000000000000000000000000000000010111111110111001110011000100000000000000000000000000
0000000000000000000000000000000000000011111101100011000100000000000000000000000000000000000
0000000000000000000000000000000000000011111110000000000000000000000000000000000000000000000
0000000000000000000000000000000000000111111110000000000000000000000000000000000000000000000
0000000000000000000000000000000000000111111110000000000000000000000000000000000000000000000
0000000000000000000000000000000000000011111100000000000000000000000000000000000000000000000
0000000000000000000000000000000000000011111100000000000000000000000000000000000000000000000
0000000000000000000000000000000000000011111100000000000000000000000000000000000000000000000
0000000000000000000000000000000000000111111100000000000000000000000000000000000000000000000
0000000000000000000000000000000000000111111100000000000000000000000000000000000000000000000
0000000000000000000000000000000000000111111100000000000000000000000000000000000000000000000
0000000000000000000000000000000000000011111100000000000000000000000000000000000000000000000
0000000000000000000000000000000000000111111100000000000000000000000000000000000000000000000
0000000000000000000000000000000000000111111100000000000000000000000000000000000000000000000
0000000000000000000000000000000000000111111100000000000000000000000000000000000000000000000
0000000000000000000000000000000000000111111100000000000000000000000000000000000000000000000
0000000000000000000000000000000000000111111100000000000000000000000000000000000000000000000
0000000000000000000000000000000000000111111100000000000000000000000000000000000000000000000
0000000000000000000000000000000000000111111100000000000000000000000000000000000000000000000
0000000000000000000000000000000000000111111100000000000000000000000000000000000000000000000
0000000000000000000000000000000000000111111100000000000000000000000000000000000000000000000
0000000000000000000000000000000000000111111000000000000000000000000000000000000000000000000
0000000000000000000000000000000000000111110000000000000000000000000000000000000000000000000
0000000000000000000000000000000000000111111000000000000000000000000000000000000000000000000
0000000000000000000000000000000000000111111100000000000000000000000000000000000000000000000
0000000000000000000000000000000000000111111100000000000000000000000000000000000000000000000
0000000000000000000000000000000000000111111100000000000000000000000000000000000000000000000
0000000000000000000000000000000000000111111100000000000000000000000000000000000000000000000
0000000000000000000000000000000000000111111101100000000000000000000000000000000000000000000
0000000000000000000000000000000000000111111011100000000000000000000000000000000000000000000
0000000000000000000000000000000000000111111111001000000000000000000000000000000000000000000
0000000000000000000000000000000000000111111110011100000000000000100000000000000000000000000
0000000000000000000000000000000000000111111111111010000100011001110000000000000000000000000
0000000000000000000000000000000000000111111111110111001110111111111000000000000000000000000
0000000000000000000000000000000000000111111111110111111111111110001000000000000000000000000
0000000000000000000000000000000000000111111111110111111111110111011000000000000000000000000
0000000000000000000000000000000000000011111111111111111011111111011000000000000000000000000
0000000000000000000000000000000000000111111111011100111001100011111000000000000000000000000
0000000000000000000000000000000000000111111111001000011111111101111000000000000000000000000
0000000000000000000000000000000000000111111111000000001110011000110000000000000000000000000
0000000000000000000000000000000000000111111101100000000100001000000000000000000000000000000
0000000000000000000000000000000000000111111100000000000100001000000000000000000000000000000
0000000000000000000000000000000000000111111110000000000000000000000000000000000000000000000
0000000000000000000000000000000000000111111110000000000000000000000000000000000000000000000
0000000000000000000000000000000000000111111100000000000000000000000000000000000000000000000
0000000000000000000000000000000000000111111100000000000000000000000000000000000000000000000
0000000000000000000000000000000000001111111100000000000000000000000000000000000000000000000
0000000000000000000000000000000000000111111100000000000000000000000000000000000000000000000
0000000000000000000000000000000000001111111100000000000000000000000000000000000000000000000
0000000000000000000000000000000000001111111100000000000000000000000000000000000000000000000
0000000000000000000000000000000000001111111100000000000000000000000000000000000000000000000
0000000000000000000000000000000000001111111100000000000000000000000000000000000000000000000
0000000000000000000000000000000000000111111110000000000000000000000000000000000000000000000
0000000000000000000000000000000000000111111100000000000000000000000000000000000000000000000
0000000000000000000000000000000000001111111100000000000000000000000000000000000000000000000
0000000000000000000000000000000000001111111100000000000000000000000000000000000000000000000
0000000000000000000000000000000000000111111100000000000000000000000000000000000000000000000
0000000000000000000000000000000000000111111100000000000000000000000000000000000000000000000
0000000000000000000000000000000000001111111100000000000000000000000000000000000000000000000
0000000000000000000000000000000000001111111100000000000000000000000000000000000000000000000
0000000000000000000000000000000000001111111000000000000000000000000000000000000000000000000
0000000000000000000000000000000000001111111100000000000000000000000000000000000000000000000
0000000000000000000000000000000000001111111100000000000000000000000000000000000000000000000
0000000000000000000000000000000000001111111100000000000000000000000000000000000000000000000
0000000000000000000000000000000000001111111100000000000000000000000000000000000000000000000
0000000000000000000000000000000000001111111000000000000000000000000000000000000000000000000
0000000000000000000000000000000000000111111100000000000000000000000000000000000000000000000
0000000000000000000000000000000000001111111100000000000000000000000000000000000000000000000
0000000000000000000000000000000000001111111100000000000000000000000000000000000000000000000
0000000000000000000000000000000000001111111000000000000000000000000000000000000000000000000
0000000000000000000000000000000000001111111000000000000000000000000000000000000000000000000
0000000000000000000000000000000000001111111100000000000000000000000000000000000000000000000
0000000000000000000000000000000000001111111100000000000000000000000000000000000000000000000
0000000000000000000000000000000000001111111000000000000000000000000000000000000000000000000
0000000000000000000000000000000000001111111000000000000000000000000000000000000000000000000
0000000000000000000000000000000000000000000000000000000000000000000000000000000000000000000
0000000000000000000000000000000000000000000000000000000000000000000000000000000000000000000
0000000000000000000000000000000000000000000000000000000000000000000000000000000000000000000
0000000000000000000000000000000000000000000000000000000000000000000000000000000000000000000
0000000000000000000000000000000000000000000000000000000000000000000000000000000000000000000
0000000000000000000000000000000000000000000000000000000000000000000000000000000000000000000
0000000000000000000000000000000000000000000000000000000000000000000000000000000000000000000
0000000000000000000000000000000000000000000000000000000000000000000000000000000000000000000
0000000000000000000000000000000000000000000000000000000000000000000000000000000000000000000
0000000000000000000000000000000000000000000000000000000000000000000000000000000000000000000
0000000000000000000000000000000000000000000000000000000000000000000000000000000000000000000
0000000000000000000000000000000000000000000000000000000000000000000000000000000000000000000
0000000000000000000000000000000000000000000000000000000000000000000000000000000000000000000
0000000000000000000000000000000000000000000000000000000000000000000000000000000000000000000