0000000000000000000000000000000000000000000000000000000000000000000000000000000000000000000
0000000000000000000000000000000000000000000000000000000000000000000000000000000000000000000
0000000000000000000000000000000000000000000000000000000000000000000000000000000000000000000
0000000000000000000000000000000000000000000000000000000000000000000000000000000000000000000
0000000000000000000000000000000000000000000000000000000000000000000000000000000000000000000
0000000000000000000000000000000000000000000000000000000000000000000000000000000000000000000
0000000000000000000000000000000000000000000000000000000000000000000000000000000000000000000
0000000000000000000000000000000000000000000000000000000000000000000000000000000000000000000
0000000000000000000000000000000000000000000000000000000000000000000000000000000000000000000
0000000000000000000000000000000000000000000000000000000000000000000000000000000000000000000
0000000000000000000000000000000000000000000000000000000000000000000000000000000000000000000
0000000000000000000000000000000000000000000000000000000000000000000000000000000000000000000
0000000000000000000000000000000000000000000000000000000000000000000000000000000000000000000
0000000000000000000000000000000000000000000000000000000000000000000000000000000000000000000
0000000000000000000000000000000000000000000000000000000000000000000000000000000000000000000
0000000000000000000000000000000000000000000000000000000000000000000000000000000000000000000
0000000000000000000000000000000000000000000000000000000000000000000000000000000000000000000
0000000000000000000000000000000000000000000000000000000000000000000000000000000000000000000
0000000000000000000000000000000000000000000000000000000000000000000000000000000000000000000
0000000000000000000000000000000000000000000000000000000000000000000000000000000000000000000
0000000000000000000000000000000000000000000000000000000000000000000000000000000000000000000
0000000000000000000000000000000000000000000000000000000000000000000000000000000000000000000
0000000000000000000000000000000000000000000000000000000000000000000000000000000000000000000
0000000000000000000000000000000000000000000000000000000000000000000000000000000000000000000
0000000000000000000000000000000000000000000000000000000000000000000000000000000000000000000
0000000000000000000000000000000000000000000000000000000000000000000000000000000000000000000
0000000000000000000000000000000000000000000000000000000000000000000000000000000000000000000
0000000000000000000000000000000000000000000000000000000000000000000000000000000000000000000
0000000000000000000000000000000000000000000000000000000000000000000000000000000000000000000
0000000000000000000000000000000000000000000000000000000000000000000000000000000000000000000
0000000000000000000000000000000000000000000000000000000000000000000000000000000000000000000
0000000000000000000000000000000000000000000000000000000000000000000000000000000000000000000
0000000000000000000000000000000000000000000000000000000000000000000000000000000000000000000
0000000000000000000000000000000000000000000000000000000000000000000000000000000000000000000
0000000000000000000000000000000000000000000000000000000000000000000000000000000000000000000
0000000000000000000000000000000000000000000000000000000000000000000000000000000000000000000
0000000000000000000000000000000000000000000000000000000000000000000000000000000000000000000
0000000000000000000000000000000000000000000000000000000000000000000000000000000000000000000
0000000000000000000000000000000000000000000000000000000000000000000000000000000000000000000
0000000000000000000000000000000000000000000000000000000000000000000000000000000000000000000
0000000000000000000000000000000000000000000000000000000000000000000010000000000000000000000
0000000000000000000000000000000000000000000000000000000000000000110111011001101110110111011
0000000000000000000000000000000000000000010000001000000100010000111111111111111111111111111
0000000000000000000000000000000000000000111111011101101110111011011101110110111011111111111
0000000000000000000001001000100010010001001100111111111111111111111111111111111111111111111
0000000000000000000011111101110111111011111111110111111111111111111111111111111111111111111
0000000000000001100100110010111111111111111111111111111111111111111111111111111111111111111
0000000000000000111111111111111111111111111111111111111111111111111111111111111111111111111
0000000000000000111111111111111111111111111111111111111111111111111111111111111111111111111
0000000000000001111111111111111111111111111111111111111111101111110111111111101111111111011
0000000000000001111111111111111111111111111111111111111111111111111111111111000100110010001
0000000000000001111111111111011101101110111111011101101110111011011101110110000011111100000
0000000000000011111111111111111111111111111111001000000100010000001000100000000001001000000
0000000000000011111111111101110110011011101100000000000000000000000000000000000000000000000
0000000000000011111111111110100000000001000000000000000000000000000000000000000000000000000
0000000000000011111111110011000000000000000000000000000000000000000000000000000000000000000
0000000000000011111111110000000000000000000000000000000000000000000000000000000000000000000
0000000000000011111111111000000000000000000000000000000000000000000000000000000000000000000
0000000000000011111111110000000000000000000000000000000000000000000000000000000000000000000
0000000000000011111111110000000000000000000000000000000000000000000000000000000000000000000
0000000000000011111111100000000000000000000000000000000000000000000000000000000000000000000
0000000000000011111111100000000000000000000000000000000000000000000000000000000000000000000
0000000000000011111111100000000000000000000000000000000000000000000000000000000000000000000
0000000000000011111111100000000000000000000000000000000000000000000000000000000000000000000
0000000000000011111111100000000000000000000000000000000000000000000000000000000000000000000
0000000000000011111111100000000000000000000000000000000000000000000000000000000000000000000
0000000000000011111111100000000000000000000000000000000000000000000000000000000000000000000
0000000000000011111111100000000000000000000000000000000000000000000000000000000000000000000
0000000000000001111111110000000000000000000000000000000000000000000000000000000000000000000
0000000000000001111111100000000000000000000000000000000000000000000000000000000000000000000
0000000000000011111111110000000000000000000000000000000000000000000000000000000000000000000
0000000000000011111111110000000000000000000000000000000000000000000000000000000000000000000
0000000000000001111111110000000000000000000000000000000000000000000000000000000000000000000
0000000000000001111111110000000000000000000000000000000000000000000000000000000000000000000
0000000000000001111111110000000000000000000000000000000000000000000000000000000000000000000
0000000000000001111111110000000000000000000000000000000000000000000000000000000000000000000
0000000000000001111111110000000000000000000000000000000000000000000000000000000000000000000
0000000000000001111111110000000000000000000000000000000000000000000000000000000000000000000
0000000000000001111111110000000000000000000000000000000000000000000000000000000000000000000
0000000000000001111111110000000000000000000000000000000000000000000000000000000000000000000
0000000000000001111111110000000000000000000000000000000000000000000000000000000000000000000
0000000000000001111111110000000000000000000000000000000000000000000000000000000000000000000
0000000000000001111111110000000000000000000000000000000000000000000000000000000000000000000
0000000000000001111111110000000000000000000000000000000000000000000000000000000000000000000
0000000000000001111111111000000000000000000000000000000000000000000000000000000000000000000
0000000000000000111111111000000000000000000000000000000000000000000000000000000000000000000
0000000000000000111111110000000000000000000000000000000000000000000000000000000000000000000
0000000000000001111111111000000000000000000000000000000000000000000000000000000000000000000
0000000000000000111111111000000000000000000000000000000000000000000000000000000000000000000
0000000000000000111111111000000000000000000000000000000000000000000000000000000000000000000
0000000000000000111111111000000000000000000000000000000000000000000000000000000000000000000
0000000000000000111111111000000000000000000000000000000000000000000000000000000000000000000
0000000000000000111111111000000000000000000000000000000000000000000000000000000000000000000
0000000000000000111111111000000000000000000000000000000000000000000000000000000000000000000
0000000000000000111111111000000000000000000000000000000000000000000000000000000000000000000
0000000000000000111111111000000000000000000000000000000000000000000000000000000000000000000
0000000000000000011111111000000000000000000000000000000000000000000000000000000000000000000
0000000000000000111111111000000000000000000000000000000000000000000000000000000000000000000
0000000000000000011111111100000000000000000000000000000000000000000000000000000000000000000
0000000000000000011111111100000000000000000000000000000000000000000000000000000000000000000
0000000000000000011111111100000000000000000000000000000000000000000000000000000000000000000
0000000000000000011111111100000000000000000000000000000000000000000000000000000000000000000
0000000000000000000000000000000000000000000000000000000000000000000000000000000000000000000
0000000000000000000000000000000000000000000000000000000000000000000000000000000000000000000
0000000000000000000000000000000000000000000000000000000000000000000000000000000000000000000
0000000000000000000000000000000000000000000000000000000000000000000000000000000000000000000
0000000000000000000000000000000000000000000000000000000000000000000000000000000000000000000
0000000000000000000000000000000000000000000000000000000000000000000000000000000000000000000
0000000000000000000000000000000000000000000000000000000000000000000000000000000000000000000
0000000000000000000000000000000000000000000000000000000000000000000000000000000000000000000
0000000000000000000000000000000000000000000000000000000000000000000000000000000000000000000
0000000000000000000000000000000000000000000000000000000000000000000000000000000000000000000
0000000000000000000000000000000000000000000000000000000000000000000000000000000000000000000
0000000000000000000000000000000000000000000000000000000000000000000000000000000000000000000
0000000000000000000000000000000000000000000000000000000000000000000000000000000000000000000
0000000000000000000000000000000000000000000000000000000000000000000000000000000000000000000
0000000000000000000000000000000000000000000000000000000000000000000000000000000000000000000