0000000000000000000000000000000000000000000000000000000000000000000000000000000000000000000
0000000000000000000000000000000000000000000000000000000000000000000000000000000000000000000
0000000000000000000000000000000000000000000000000000000000000000000000000000000000000000000
0000000000000000000000000000000000000000000000000000000000000000000000000000000000000000000
0000000000000000000000000000000000000000000000000000000000000000000000000000000000000000000
0000000000000000000000000000000000000000000000000000000000000000000000000000000000000000000
0000000000000000000000000000000000000000000000000000000000000000000000000000000000000000000
0000000000000000000000000000000000000000000000000000000000000000000000000000000000010000000
0000000000000000000000000000000000000000000000000000000000000000000000000000000111110000000
0000000000000000000000000000000000000000000000000000000000000000000000000011111111110000000
0000000000000000000000000000000000000000000000000000000000000000000000011111111111110000000
0000000000000000000000000000000000000000000000000000000000000000000111111111111111110000000
0000000000000000000000000000000000000000000000000000000000000001111111111111111111110000000
0000000000000000000000000000000000000000000000000000000000001111111111111111111111110000000
0000000000000000000000000000000000000000000000000000000001111111111111111111111111110000000
0000000000000000000000000000000000000000000000000000010111111111111111111111111111110000000
0000000000000000000000000000000000000000000000000001111111111111111111111111111111110000000
0000000000000000000000000000000000000000000000001111111111111111111111111111111111110000000
0000000000000000000000000000000000000000000001111111111111111111111111111111111111110000000
0000000000000000000000000000000000000000011111111111111111111111111111111111111111110000000
0000000000000000000000000000000000000101111111111111111111111111111111111111111111110000000
0000000000000000000000000000000000001111111111111111111111111111111111111111111111110000000
0000000000000000000000000000000000111111111111111111111111111111111111111111111111110000000
0000000000000000000000000000000111111111111111111111111111111111111111111111111111110000000
0000000000000000000000000000011111111111111111111111111111111111111111111111111111110000000
0000000000000000000000000001111111111111111111111111111111111111111111111111111111110000000
0000000000000000000000000011111111111111111111111111111111111111111111111111111111110000000
0000000000000000000000111111111111111111111111111111111111111111111111111111111111110000000
0000000000000000000000111111111111111111111111111111111111111111111111111111111111110000000
0000000000000000000111111111111111111111111111111111111111111111111111111111111111110000000
0000000000000000001111111111111111111111111111111111111111111111111111111111111111110000000
0000000000000000011111111111111111111111111111111111111111111111111111111111111111110000000
0000000000000000011111111111111111111111111111111111111111111111111111111111111111110000000
0000000000000111111111111111111111111111111111111111111111111111111111111111111111110000000
0000000000000111111111111111111111111111111111111111111111111111111111111111111111110000000
0000000000001111111111111111111111111111111111111111111111111111111111111111111111110000000
0000000000001111111111111111111111111111111111111111111111111111111111111111111111110000000
0000000011111111111111111111111111111111111111111111111111111111111111111111111111110000000
0000000011111111111111111111111111111111111111111111111111111111111111111111111111110000000
0000000111111111111111111111111111111111111111111111111111111111111111111111111111110000000
0000011111111111111111111111111111111111111111111111111111111111111111111111111111110000000
0000000111111111111111111111111111111111111111111111111111111111111111111111111111110000000
0001111111111111111111111111111111111111111111111111111111111111111111111111111111110000000
0000011111111111111111111111111111111111111111111111111111111111111111111111111111110000000
0011011111111111111111111111111111111111111111111111111111111111111111111111111111110000000
0011111111111111111111111111111111111111111111111111111111111111111111111111111111110000000
0100111111111111111111111111111111111111111111111111111111111111111111111111111111110000000
0111111111111111111111111111111111111111111111111111111111111111111111111111111111110000000
0111111111111111111111111111111111111111111111111111111111111111111111111111111111110000000
1111111111111111111111111111111111111111111111111111111111111111111111111111111111110000000
1111111111111111111111111111111111111111111111111111111111111111111111111111111111110000000
1111111111111111111111111111111111111111111111111111111111111111111111111111111111110000000
1111111111111111111111111111111111111111111111111111111111111111111111111111111111110000000
1111111111111111111111111111111111111111111111111111111111111111111111111111111111110000000
1111111111111111111111111111111111111111111111111111111111111111111111111111111111110000000
1111111111111111111111111111111111111111111111111111111111111111111111111111111111110000000
1111111111111111111111111111111111111111111111111111111111111111111111111111111111110000000
1111111111111111111111111111111111111111111111111111111111111111111111111111111111110000000
1111111111111111111111111111111111111111111111111111111111111111111111111111111111110000000
1111111111111111111111111111111111111111111111111111111111111111111111111111111111110000000
1111111111111111111111111111111111111111111111111111111111111111111111111111111111110000000
1111111111111111111111111111111111111111111111111111111111111111111111111111111111110000000
1111111111111111111111111111111111111111111111111111111111111111111111111111111111110000000
1111111111111111111111111111111111111111111111111111111111111111111111111111111111110000000
1111111111111111111111111111111111111111111111111111111111111111111111111111111111110000000
1111111111111111111111111111111111111111111111111111111111111111111111111111111111110000000
1111111111111111111111111111111111111111111111111111111111111111111111111111111111110000000
1111111111111111111111111111111111111111111111111111111111111111111111111111111111110000000
1111111111111111111111111111111111111111111111111111111111111111111111111111111111110000000
1111111111111111111111111111111111111111111111111111111111111111111111111111111111110000000
1111111111111111111111111111111111111111111111111111111111111111111111111111111111110000000
1111111111111111111111111111111111111111111111111111111111111111111111111111111111110000000
1111111111111111111111111111111111111111111111111111111111111111111111111111111111110000000
1111111111111111111111111111111111111111111111111111111111111111111111111111111111110000000
1111111111111111111111111111111111111111111111111111111111111111111111111111111111110000000
1111111111111111111111111111111111111111111111111111111111111111111111111111111111110000000
1111111111111111111111111111111111111111111111111111111111111111111111111111111111110000000
1111111111111111111111111111111111111111111111111111111111111111111111111111111111110000000
1111111111111111111111111111111111111111111111111111111111111111111111111111111111110000000
1111111111111111111111111111111111111111111111111111111111111111111111111111111111110000000
1111111111111111111111111111111111111111111111111111111111111111111111111111111111110000000
1111111111111111111111111111111111111111111111111111111111111111111111111111111111110000000
1101111111111111111111111111111111111111111111111111111111111111111111111111111111110000000
1111111111111111111111111111111111111111111111111111111111111111111111111111111111110000000
1111111111111111111111111111111111111111111111111111111111111111111111111111111111110000000
0011111111111111111111111111111111111111111111111111111111111111111111111111111111110000000
0010011111111111111111111111111111111111111111111111111111111111111111111111111111110000000
0110111011111111111111111111111111111111111111111111111111111111111111111111111111110000000
0010111111111111111111111111111111111111111111111111111111111111111111111111111111110000000
0000011111111111111111111111111111111111111010011111111111111111111111111111111111110000000
0000000111111111111111111111111111111111010110000111111111111111111111111111111111110000000
0000000000111111111111111111111111111100000100000010111111111111111111111111111111110000000
0000000000001111111111111111111111100000000000000111011111111111111111111111111111110000000
0000000000001001111111111111111010000000000000000111111111111111111111111111111111110000000
0000000000000000011111111111110000000000000000001001111111111111111111111111111111110000000
0000000000000000000011100000000000000000000000001111111111111111111111111111111111110000000
0000000000000000000000000000000000000000000000001111111111111111111111111111111111110000000
0000000000000000000000000000000000000000000000010011111111111111111111111111111111110000000
0000000000000000000000000000000000000000000000011011111111111111111111111111111111110000000
0000000000000000000000000000000000000000000000011111111111111111111111111111111111110000000
0000000000000000000000000000000000000000000000000000000000000000000000000000000000000000000
0000000000000000000000000000000000000000000000000000000000000000000000000000000000000000000
0000000000000000000000000000000000000000000000000000000000000000000000000000000000000000000
0000000000000000000000000000000000000000000000000000000000000000000000000000000000000000000
0000000000000000000000000000000000000000000000000000000000000000000000000000000000000000000
0000000000000000000000000000000000000000000000000000000000000000000000000000000000000000000
0000000000000000000000000000000000000000000000000000000000000000000000000000000000000000000
0000000000000000000000000000000000000000000000000000000000000000000000000000000000000000000
0000000000000000000000000000000000000000000000000000000000000000000000000000000000000000000
0000000000000000000000000000000000000000000000000000000000000000000000000000000000000000000
0000000000000000000000000000000000000000000000000000000000000000000000000000000000000000000
0000000000000000000000000000000000000000000000000000000000000000000000000000000000000000000
0000000000000000000000000000000000000000000000000000000000000000000000000000000000000000000
0000000000000000000000000000000000000000000000000000000000000000000000000000000000000000000
0000000000000000000000000000000000000000000000000000000000000000000000000000000000000000000
0000000000000000000000000000000000000000000000000000000000000000000000000000000000000000000
0000000000000000000000000000000000000000000000000000000000000000000000000000000000000000000