0000000000000000000000000000000000000000000000000000000000000000000000000000000000000000000
0000000000000000000000000000000000000000000000000000000000000000000000000000000000000000000
0000000000000000000000000000000000000000000000000000000000000000000000000000000000000000000
0000000000000000000000000000000000000000000000000000000000000000000000000000000000000000000
0000000000000000000000000000000000000000000000000000000000000000000000000000000000000000000
0000000000000000000000000000000000000000000000000000000000000000000000000000000000000000000
0000000000000000000000000000000000000000000000000000000000000000000000000000000000000000000
0000000000000000000000000000000000000000000000000000000000000000000000000000000000000000000
0000000000000000000000000000000000000000000000000000000000000000000000000000000000000000000
0000000000000000000000000000000000000000000000000000000000000000000000000000000000000000000
0000000000000000000000000000000000000000000000000000000000000000000000000000000000000000000
0000000000000000000000000000000000000000000000000000000000000000000000000000000000000000000
0000000000000000000000000000000000000000001100001000000000000000000000000000000000000000000
0000000000000000000000000000000000000001111111111110000000000000000000000000000000000000000
0000000000000000000000000000000000000110110111111111111100000000000000000000000000000000000
0000000000000000000000000000000000011111111111111111111101000000000000000000000000000000000
0000000000000000000000000000100101111111111111111111111111100000000000000000000000000000000
0000000000000000000000000000100111111111111111111111111111111100000000000000000000000000000
0000000000000000000000000000111111111111111111111111111111111110000000000000000000000000000
0000000000000000000000000011111111111111111111111111111111111111000000000000000000000000000
0000000000000000000000001101111111111111111111111111111111111111100000000000000000000000000
0000000000000000000000001101111111111111111111111111111111111111101100000000000000000000000
0000000000000000000000000111111111111111111111111111111111111111111000000000000000000000000
0000000000000000000000001111111111111111111110101111111111111111110010000000000000000000000
0000000000000000000000111111111111111111110000000011111111111111111110000000000000000000000
0000000000000000000000011111111111101101010000000000001111111111111100000000000000000000000
0000000000000000000000011111111111111100000000000000001111111111111011000000000000000000000
0000000000000000000000111111111111110000000000000000000001111111111111000000000000000000000
0000000000000000000001111111111111000000000000000000000000011111111100100000000000000000000
0000000000000000000001110111111001000000000000000000000000011111111111100000000000000000000
0000000000000000000000111111101000000000000000000000000000011101111111000000000000000000000
0000000000000000000011111111101100000000000000000000000000000111111110010000000000000000000
0000000000000000000011111111111100000000000000000000000000001111111111111000000000000000000
0000000000000000000011011111110000000000000000000000000000000100111111000000000000000000000
0000000000000000000011111111110000000000000000000000000000000111111111101100000000000000000
0000000000000000001111111111110000000000000000000000000000000011011111111000000000000000000
0000000000000000001110111111110000000000000000000000000000000010111111110000000000000000000
0000000000000000000111111111000000000000000000000000000000000001111110110000000000000000000
0000000000000000000111111111100000000000000000000000000000001101111111110000000000000000000
0000000000000000000011111111110000000000000000000000000000001100111111100000000000000000000
0000000000000000000011111111110000000000000000000000000000000111111111001000000000000000000
0000000000000000000111111111110000000000000000000000000000001111111111111000000000000000000
0000000000000000000001111111110000000000000000000000000000011011111111100000000000000000000
0000000000000000000001111111111000000000000000000000000000010011111110110000000000000000000
0000000000000000000111111111111000000000000000000000000000001111111111110000000000000000000
0000000000000000000100011111111100000000000000000000000000111111111111100000000000000000000
0000000000000000000001111111111100000000000000000000000001110111111111000000000000000000000
0000000000000000000011001111111110000000000000000000000000111111111011000000000000000000000
0000000000000000000000001111111111110000000000000000000000111111111111100000000000000000000
0000000000000000000000111111111111111100000000000110010011111111111110000000000000000000000
0000000000000000000000000111111111111111110010011011011111111111111110000000000000000000000
0000000000000000000000001111111111111111111011111111111111111111110110000000000000000000000
0000000000000000000000011011111111111111111111111111111111111111110111000000000000000000000
0000000000000000000000010011111111111111111111111111111111111111111000000000000000000000000
0000000000000000000000001111111111111111111111111111111111111111101000000000000000000000000
0000000000000000000000001111111111111111111111111111111111111111111100000000000000000000000
0000000000000000000000000001111111111111111111111111111111111111111100000000000000000000000
0000000000000000000000000111111111111111111111111111111111111111110010000000000000000000000
0000000000000000000000111111111111111111111111111111111111111111111110000000000000000000000
0000000000000000000011011011111111111111111111111111111111111111111100000000000000000000000
0000000000000000000011011111111111111111111110010111111111111111111011000000000000000000000
0000000000000000000001011111111111110110111000000000111111111111111111000000000000000000000
0000000000000000000011111111111111000011000000000000000111111111111100100000000000000000000
0000000000000000001111111111111101000000000000000000000011111111111111100000000000000000000
0000000000000000000110111111111001000000000000000000000000111111111111100000000000000000000
0000000000000000000111111111111101000000000000000000000000001111111110110000000000000000000
0000000000000000000111111111101100000000000000000000000000001111111111111000000000000000000
0000000000000000011111111111110000000000000000000000000000000100111111100000000000000000000
0000000000000000001101111111000000000000000000000000000000000011111111111100000000000000000
0000000000000000001111111110000000000000000000000000000000000011011111111000000000000000000
0000000000000000011111111111000000000000000000000000000000000000111111110110000000000000000
0000000000000000111111111111000000000000000000000000000000000001111111111110000000000000000
0000000000000000110111111100000000000000000000000000000000000001001111111100000000000000000
0000000000000000011111111100000000000000000000000000000000000000011111111111000000000000000
0000000000000001111111111110000000000000000000000000000000000000110111111111000000000000000
0000000000000011001111111100000000000000000000000000000000000000100111111100100000000000000
0000000000000001011111110000000000000000000000000000000000000000011111111111100000000000000
0000000000000001111111111000000000000000000000000000000000000000011111111111000000000000000
0000000000000000111111111000000000000000000000000000000000000000000111111110010000000000000
0000000000000000111111110000000000000000000000000000000000000000001111111111111000000000000
0000000000000001111111100000000000000000000000000000000000000000000110111111000000000000000
0000000000000011111111100000000000000000000000000000000000000000000111111101100000000000000
0000000000000001011111110000000000000000000000000000000000000000011011111101100000000000000
0000000000000001111111110000000000000000000000000000000000000000011011111111100000000000000
0000000000000001111111111110000000000000000000000000000000000000011011111100000000000000000
0000000000000000111111111000000000000000000000000000000000000000011111110000000000000000000
0000000000000000111111111100000000000000000000000000000000000001111111111000000000000000000
0000000000000000011111111110000000000000000000000000000000000000110111111000000000000000000
0000000000000000011111111110000000000000000000000000000000000000101111111000000000000000000
0000000000000000111111111111100000000000000000000000000000000000111111100000000000000000000
0000000000000000001111111111001000000000000000000000000000000011111111100000000000000000000
0000000000000000001111111111111000000000000000000000000000011011101111111000000000000000000
0000000000000000000111111111110000000000000000000000000000001101111111100000000000000000000
0000000000000000000011111111111100000000000000000000000000001111111111000000000000000000000
0000000000000000001111111111111111100000000000000000001100111111111011000000000000000000000
0000000000000000000001111111111111111101000000000000100101111111011011000000000000000000000
0000000000000000000001111111111111111111110000000110110111111111111100000000000000000000000
0000000000000000000001111111111111111111111100111010011111111111110000000000000000000000000
0000000000000000000000011111111111111111111111111011111111111111010000000000000000000000000
0000000000000000000000000111111111111111111111111111111111111110010000000000000000000000000
0000000000000000000000000011111111111111111111111111111111110010011000000000000000000000000
0000000000000000000000000000001111111111111111111111111111011011000000000000000000000000000
0000000000000000000000000000001111111111111111111111111011011000000000000000000000000000000
0000000000000000000000000000000011011111111111111111111011110000000000000000000000000000000
0000000000000000000000000000000000001111111111111111101101000000000000000000000000000000000
0000000000000000000000000000000000000011111101101000100100000000000000000000000000000000000
0000000000000000000000000000000000000000000101100000000000000000000000000000000000000000000
0000000000000000000000000000000000000000000000000000000000000000000000000000000000000000000
0000000000000000000000000000000000000000000000000000000000000000000000000000000000000000000
0000000000000000000000000000000000000000000000000000000000000000000000000000000000000000000
0000000000000000000000000000000000000000000000000000000000000000000000000000000000000000000
0000000000000000000000000000000000000000000000000000000000000000000000000000000000000000000
0000000000000000000000000000000000000000000000000000000000000000000000000000000000000000000
0000000000000000000000000000000000000000000000000000000000000000000000000000000000000000000
0000000000000000000000000000000000000000000000000000000000000000000000000000000000000000000
0000000000000000000000000000000000000000000000000000000000000000000000000000000000000000000
0000000000000000000000000000000000000000000000000000000000000000000000000000000000000000000