0100000001011111111111111111111111111111111111111111100000011011111111111111111111111111111
0100000011011111111111111111111111111111111111111111100100011111111111111111111111111111111
1100000011011111111111111111111111111111111111111111111111011111111111111111111111111111111
0000000001111111111111111111111111111111111111111111110000001111111111111111111111111111101
0000001111111111111111111111111111111111111111111111110110011111111111111111111111111111111
0000001111111111111111111111111111111111111111111111111100001111111111111111111111111111111
0000000111111111111111111111111111111111111111111111111000000101111111111111111111111111110
0000011111111111111111111111111111111111111111111111111111000011000111111111111111111111111
0000111111111111111111111111111111111111111111111111111100000111011111011111111111111111111
0000011011111111111111111111111111100101111111111111111100100000010011111111111111111111111
0000011111111111111111111111111111101100111111111111111111111100100011111011111111111111111
1111111111111111111111111111100111111100011111111111111100010011101111111011111111111111111
0001001111111111111111111111111110010000001011111111111110110010000001111111111111111111111
0000011111111111111111111111111101110000001111111111111111101110110001111111111111111111111
1101111111111111111111111111110000000000001111111111111111001001111111111111111111111111111
1100110111111111111111111111111111000000000011111111111111111011111110111111111111111111111
1111111111111111111111111111111100000000000111111111111111111111111111111111111111111111111
1111111111111111111111111111111000000100000110111111111111111111111111111111111111111111111
0111111111111111111111111111111111111100000011111111111111111111111111111111111111111111111
0011111111111111111111111111111100011000000011111111111111100110111111111111111111111111111
0011111111111111111100100011111111100000000011011111111101100100011111111111111111111111111
0001111111111111111111110011111111101110000011111111111111110101111111111111111111111111111
0000011111111111111111100001111111111100001111111111111111100001111111111111111111111111111
0001111111111111111110000001111111111110000001111111111111111000011111111111111111111111111
0000110111111111111111111011111111111111000000111111111111111100111111111111111111111111111
0000011111111111111111100000111111111111100000111111111111111111111111111111111111111111111
0000111111111111111111000000111111111111111000011111111111111111111111111111111111111111111
0000011011111111111111111111011111111111111100011011111111111111111111111111111111111111111
0000011111111111111111100000011111111111111100000011111111111111111111111111111111111111111
0000011111111111111111111100011111111111111111111111111111111111111111111111111111111111111
0000001111111111111111101101111111111111111111001001111111111111111111111111111111111111111
0000011111111111111110011111101111111111111111111111111111111111111111111111111111111111111
0001111111111111111101111111111111111111111111111111111111111110111111111111111111111111111
1000100111111111111011000111111111111011111111111111111111111000111111111111111111111111111
1000011111111111111111011111111111011011111111111111111111011000000111111111111111111111111
1000111111111111111100111111111111111000000111111111111111111001111111111111111111111111111
0000010011111111101100010011111111100000000111111111111111111000010011111111111111111111111
0100011111111111111100111111111111101100011111111111111111101100000111111111111111111111111
1111011111111111111010011111111111111000011111111111111101101110111111111111111111111111111
0000001111111111110110001111111111110000001111111111111111111111111111111111111111111111111
0000011111111111111110111111111111110000111111111111111111001001111111111111111111111111111
0001111111111111111001001111111111110001111111111111111110000001111111111111111111111111111
1000000111111111111011000111111111011000110111111111111111111111111111111111111111111111111
1000111111111111111111111111111111111000111111111111111111000110111111111111111111111111111
1000111111111111111000100111001111111111111111111111111111001000111111111111111111111111111
0000000111111111111101100111111100111111011111111111111111111011111111111111111111111111111
1000011111111111111111011111111011111111111111111111111111100011011111111111111111111111111
1000011111111111111100000011111111111111111111111111111111111100111111111111111111111111111
0000000111111111111111110111111111111111111111111111111111111001111111111111111111111111111
0000001111111111111111101101111111111111111111111111111111111111101111111111111111111111111
0000001111111111111011001101111111111111111111111111111111111111111111111111111111111111111
1000000111111111111111001111111111111111111111111111111111111111111111111111111111111111111
1000111111111111111111111111111111111111111111111111111111111111111111111111111111111111111
1000100111111111111000100111111111111111111111111111111111111111111111111111111111111111111
1100000111111111111111100111111111111111111111111111111111111111111111111111111111111111111
1100011111111111111111011111111111111111111111111111111111111111111111111111111111111111111
1110011011111111111100000011111111111111111111111111111111111111111111111111111111111111111
1110000111111111111110000111111111111111111111111111111111111111111111111111111111111111111
1110001111111111111111001101111111111111111111111111111111111111111111111111111111111111111
0011000110111111111110000001111111111111111111111111111111111111111111111111111111111111111
1111000111111111111111000111111111111111111111111111111111111111111111111111111111111111111
1111110111111111111111000110111111111111111111111111111111111111111111111111111111111111111
0100100011111111111101000100111111111111111111111111111111111111111111111111111111111111111
1111100111111111111111100011111111111111111111111111111111111111111111111111111111111111111
1111011111111111111111000011111111111111111111111111111111111111110111111111111111111111111
1110010001111111111111110000111111111111111111111111111111111111111111111111111111111111111
1111110111111111111111110001111111111111111111111111111111111111111111111111111111111111111
1111001111111111111111000001111111111111111111111111111111111111110011111111111111111111111
1011000100111111111111111000111111111111111111111111111111111111111111101111111111111111111
1111001111111111111111111100111111111111111111111111111111111111111110111111111111111111111
1111111111111111111111011000111111111111111111111111111111111111111111111111111111111111111
1111111011111111111111111100111111111111111111111111111111111111111111111111111111111111111
1111110111111111111111111111011111111111111111111111111111111111111111111111111111111111111
1111111111111111111111111111111111111111111111111111111111111111111111111111111111111111111
1111111111111111111111111111111111101111111111111111111111111111111111111111111111111111111
1111111111111111111111111111111111111111111111111111111111111111111111111111111111111111111
1111111111111111111111111111111111111111111111111111111111111111111111111111111111111111111
1111111111111111111111111111111111111111111111111111111111111111111111111111111111111111111
1111111111111111111111111111111111111111111011111111111111111111111111111111111111111111111
1111111111111111111111111111111111111111111111111111111111111111111111111111111111111111111
1111111111111111111111111111111111111111111111111111111111111111111111111111111111111111111
1111111111111111111111111111111111111111111111111111111111111111111111111111111111111111111
1111111111111111111111111111111111111111111111111111111111111111111111111111111111111111111
1111111111111111111111111111111111111111111111111111111111111111111111111111111111111111111
1111111111111111111111111111111111111111111111111111111111111111111111111111111111111111111
1111111111111111111111111111111111111111111111111111111111111111111111111111111111111111111
1111111111111111111111111111111111111111111111111111111111111111111111111111111111111111111
1111111111111111111111111111111111111111111111111111111111111111111111111111111111111111111
1111111111111111111111111111111111111111111111111111111111111111111111111111111111111111111
1111111111111111111111111111111111111111111111111111111111111111111111111111111111111111111
1111111111111111111111111111111111111111111111111111111111111111111111111111111111111111111
1111111111111111111111111111111111111111111111111111111111111111111111111111111111111111111
1111111111111111111111111111111111111111111111111111111111111111111111111111111111111111111
1111111111111110111111110111111111111111111111111111111111111111111111111111111111111111111
1111111111110010010110010010111111111111111111111111111111111111111111111111111111111111111
1111111111011011010100000000111111111111111111111111111111111111111111111111111111111111111
1111111111111000000100000000100111111111111111111111111111111111111111111111111111111111111
1110111111111110100101100000101111111111111111111111111111111111111111111111111111111111111
1111111011111111111111110001111111111111111111111111111111111111111111111111111111111111111
1111111111111111111111111111111111111111111111111111111111111111111111111111111111111111111
1111111111111111111111111111111111111111111111111111111111111111111111111111111111111111111
1111111111111111111111111111111111111111111111111111111111111111111111111111111111111111111
1111111111111111111111111111111111111111111111111111111111111111111111111111111111111111111
1111111111111111111111111111111111111111111111111111111111111111111111111111111111111111111
1111111111111111111111111111111111111111111111111111111111111111111111111111111111111111111
1111111111111111111111111111111111111111111111111111111111111111111111111111111111111111111
1111111111111111111111111111111111111111111111111111111111111111111111111111111111111111111
1111111111111111111111111111111111111111111111111111111111111111111111111111111111111111111
1111111111111111111111111111111111111111111111111111111111111111111111111111111111111111111
1111111111111111111111111111111111111111111111111111111111111111111111111111111111111111111
1111111111111111111111111111111111111111111111111111111111111111111111111111111111111111111
1111111111111111111111111111111111111111111111111111111111111111111111111111111111111111111
1111111111111111111111111111111111111111111111111111111111111111111111111111111111111111111
1111111111111111111111111111111111111111111111111111111111111111111111111111111111111111111
1111111111111111111111111111111111111111111111111111111111111111111111111111111111111111111
1111111111111111111111111111111111111111111111111111111111111111111111111111111111111111111
1111111111111111111111111111111111111111111111111111111111111111111111111111111111111111111