0000000000000000000000000000000000000000000000000000000000000000000000000000000000000000000
0000000000000000000000000000000000000000000000000000000000000000000000000000000000000000000
0000000000000000000000000000000000000000000000000000000000000000000000000000000000000000000
0000000000000000000000000000000000000000000000000000000000000000000000000000000000000000000
0000000000000000000000000000000000000000000000000000000000000000000000000000000000000000000
0000000000000000000000000000000000000000000000000000000000000000000000000000000000000000000
0000000000000000000000000000000000000000000000000000000000000000000000000000000000000000000
0000000000000000000000000000000000000000000000000000000000000000000000000000000000000000000
0000000000000000000000000000000000000000000000000000000000000000000000000000000000000000000
0000000000000000000000000000000000000000000000000000000000000000000000000000000000000000000
0000000000000000000000000000000000000000000000000000000000000000000000000000000000000000000
0000000000000000000000000000000000000000000000010000000000000000000000000000000000000000000
0000000000000000000000000000000000000000111101111100000000000000000000000000000000000000000
0000000000000000000000000000000000000001111111111110000000000000000000000000000000000000000
0000000000000000000000000000000000011111111111111111110000000000000000000000000000000000000
0000000000000000000000000000000000110111111111111111110010000000000000000000000000000000000
0000000000000000000000000000000000111111111111111111111110000000000000000000000000000000000
0000000000000000000000000000000000111111111111111111111110000000000000000000000000000000000
0000000000000000000000000000000011111111111111111111111111100000000000000000000000000000000
0000000000000000000000000000000011111111111111111111111111110000000000000000000000000000000
0000000000000000000000000000000111111111111111111111111111111000000000000000000000000000000
0000000000000000000000000000001110111111111111111111111110111010000000000000000000000000000
0000000000000000000000000000001111111111111111111111011111111011000000000000000000000000000
0000000000000000000000000000010111111111100100101110111111110011000000000000000000000000000
0000000000000000000000000000111011111100000000000010111111111110000000000000000000000000000
0000000000000000000000000000111111101110000000000001111111111110000000000000000000000000000
0000000000000000000000000001001111100110000000000000011111111111100000000000000000000000000
0000000000000000000000000011101111111000000000000000011111111001100000000000000000000000000
0000000000000000000000000001111110111000000000000000011011111101000000000000000000000000000
0000000000000000000000000000111111111000000000000000111011111110000000000000000000000000000
0000000000000000000000000000111111110000000000000000011111111110000000000000000000000000000
0000000000000000000000000000111111111000000000000000000111111100000000000000000000000000000
0000000000000000000000000001111111111100000000000000001111111100000000000000000000000000000
0000000000000000000000000010111111011100000000000000011101111110000000000000000000000000000
0000000000000000000000000010011111111000000000000000011101111111000000000000000000000000000
0000000000000000000000000011011111111000000000000000000111111111000000000000000000000000000
0000000000000000000000000001111111110000000000000000000111111110000000000000000000000000000
0000000000000000000000000001011111100000000000000000000110111111000000000000000000000000000
0000000000000000000000000001101111110000000000000000001110111111100000000000000000000000000
0000000000000000000000000011101111111000000000000000000111111011100000000000000000000000000
0000000000000000000000000001111110111000000000000000000011111101000000000000000000000000000
0000000000000000000000000000011111110000000000000000000011111111000000000000000000000000000
0000000000000000000000000000111111110000000000000000000111011111100000000000000000000000000
0000000000000000000000000001111111100000000000000000000111111100110000000000000000000000000
0000000000000000000000000001111111000000000000000000001001111100100000000000000000000000000
0000000000000000000000000000011111100000000000000000011001111111000000000000000000000000000
0000000000000000000000000000011111110000000000000000001111110111000000000000000000000000000
0000000000000000000000000000011111110000000000000000000111111110000000000000000000000000000
0000000000000000000000000000111111110000000000000000000111111110000000000000000000000000000
0000000000000000000000000001111111100000000000000000001110111111000000000000000000000000000
0000000000000000000000000001101111110000000000000000001110111011100000000000000000000000000
0000000000000000000000000011111111111100000000000000000111111001100000000000000000000000000
0000000000000000000000000000111111011000000000000000000011111111000000000000000000000000000
0000000000000000000000000000111111110000000000000000000011111111000000000000000000000000000
0000000000000000000000000000111111111000000000000000000111111111110000000000000000000000000
0000000000000000000000000001111111111100000000000000000011111100110000000000000000000000000
0000000000000000000000000010111111001100000000000000001001111110100000000000000000000000000
0000000000000000000000000010011111101000000000000000011001111111000000000000000000000000000
0000000000000000000000000111011111111000000000000000001111111111000000000000000000000000000
0000000000000000000000000001111101110000000000000000000111111110000000000000000000000000000
0000000000000000000000000000111111100000000000000000000101111110000000000000000000000000000
0000000000000000000000000001101111100000000000000000001100111111000000000000000000000000000
0000000000000000000000000011101111111000000000000000001111111011100000000000000000000000000
0000000000000000000000000001111110111000000000000000000011111111000000000000000000000000000
0000000000000000000000000000111111011000000000000000000011111111000000000000000000000000000
0000000000000000000000000000111111110000000000000000000111011111100000000000000000000000000
0000000000000000000000000000111111100000000000000000000111011100110000000000000000000000000
0000000000000000000000000001111111100000000000000000000011111100110000000000000000000000000
0000000000000000000000000010111111000000000000000000000001111110100000000000000000000000000
0000000000000000000000000010011111110000000000000000000001111111000000000000000000000000000
0000000000000000000000000011011111111000000000000000000111111111000000000000000000000000000
0000000000000000000000000001111111110000000000000000000111111110000000000000000000000000000
0000000000000000000000000001111111100000000000000000000110111110000000000000000000000000000
0000000000000000000000000001101111110000000000000000001110111111100000000000000000000000000
0000000000000000000000000011101111111000000000000000000111111011100000000000000000000000000
0000000000000000000000000001111110111000000000000000000011111101000000000000000000000000000
0000000000000000000000000000011111110000000000000000000011111111000000000000000000000000000
0000000000000000000000000000111111110000000000000000000111011110100000000000000000000000000
0000000000000000000000000001111111111000000000000000000111111100110000000000000000000000000
0000000000000000000000000001111111011100000000000000001011111100100000000000000000000000000
0000000000000000000000000010011111111100000000000000011101111111100000000000000000000000000
0000000000000000000000000110011111111000000000000000001111111111000000000000000000000000000
0000000000000000000000000011011111111100000000000000000111111110000000000000000000000000000
0000000000000000000000000001111111111110000000000000000111111110000000000000000000000000000
0000000000000000000000000001011111101110000000000000001110111111000000000000000000000000000
0000000000000000000000000001001111110100000000000000001111111011100000000000000000000000000
0000000000000000000000000011101111111100000000000000000111111011100000000000000000000000000
0000000000000000000000000000111111111110000000000000000011111111000000000000000000000000000
0000000000000000000000000000011111111111000000000000000011111111000000000000000000000000000
0000000000000000000000000000000111110110000000000000000111111110000000000000000000000000000
0000000000000000000000000000000111111110000000000000001111111100000000000000000000000000000
0000000000000000000000000000001111111110000000000000001111111110000000000000000000000000000
0000000000000000000000000000001111111111100010000000111111111111000000000000000000000000000
0000000000000000000000000000000111111111110010010011111111110011000000000000000000000000000
0000000000000000000000000000000011111111111111111111111111111000000000000000000000000000000
0000000000000000000000000000000011111111111111111111111111111110000000000000000000000000000
0000000000000000000000000000000111011111111111111111111111101100000000000000000000000000000
0000000000000000000000000000000111111111111111111111111111110000000000000000000000000000000
0000000000000000000000000000000011111111111111111111111111111000000000000000000000000000000
0000000000000000000000000000000001111111111111111111111110010000000000000000000000000000000
0000000000000000000000000000000000011111111111111111111111100000000000000000000000000000000
0000000000000000000000000000000000011111111111111111111001100000000000000000000000000000000
0000000000000000000000000000000000010011111111111111111100000000000000000000000000000000000
0000000000000000000000000000000000000010111111111111100110000000000000000000000000000000000
0000000000000000000000000000000000000000011111011110000000000000000000000000000000000000000
0000000000000000000000000000000000000000000000000000000000000000000000000000000000000000000
0000000000000000000000000000000000000000000000000000000000000000000000000000000000000000000
0000000000000000000000000000000000000000000000000000000000000000000000000000000000000000000
0000000000000000000000000000000000000000000000000000000000000000000000000000000000000000000
0000000000000000000000000000000000000000000000000000000000000000000000000000000000000000000
0000000000000000000000000000000000000000000000000000000000000000000000000000000000000000000
0000000000000000000000000000000000000000000000000000000000000000000000000000000000000000000
0000000000000000000000000000000000000000000000000000000000000000000000000000000000000000000
0000000000000000000000000000000000000000000000000000000000000000000000000000000000000000000
0000000000000000000000000000000000000000000000000000000000000000000000000000000000000000000
0000000000000000000000000000000000000000000000000000000000000000000000000000000000000000000
0000000000000000000000000000000000000000000000000000000000000000000000000000000000000000000