0000000000000000000000000000000000000000000000000000000000000000000000000000000000000000000
0000000000000000000000000000000000000000000000000000000000000000000000000000000000000100000
0000000000000000000000000000000000000000000000000000000000000000000000000000000000001100000
0000000000000000000000000000000000000000000000000000000000000000000000000000000001101100000
0000000000000000000000000000000000000000000000000000000000000000000000000000011110110110000
0000000000000000000000000000000000000000000000000000000000000000000000000001110110111110000
0000000000000000000000000000000000000000000000000000000000000000000000000110110111111110000
0000000000000000000000000000000000000000000000000000000000000000000001111111111111111110000
0000000000000000000000000000000000000000000000000000000000000000001011011111111111111110000
0000000000000000000000000000000000000000000000000000000000000000001011011111111111111110000
0000000000000000000000000000000000000000000000000000000000000000001101111111111111111110000
0000000000000000000000000000000000000000000000000000000000000000001111111111111111111110000
0000000000000000000000000000000000000000000000000000000000000000011111111111111111111110000
0000000000000000000000000000000000000000000000000000000000000000111111111111111111111110000
0000000000000000000000000000000000000000000000000000000000000000111111111111111111111110000
0000000000000000000000000000000000000000000000000000000000000000111111111111111111111110000
0000000000000000000000000000000000000000000000000000000000000011111111111111111111111110000
0000000000000000000000000000000000000000000000000000000000000011111111111111111111111110000
0000000000000000000000000000000000000000000000000000000000000111111111111111111111111110000
0000000000000000000000000000000000000000000000000000000000000011111111111111111111111110000
0000000000000000000000000000000000000000000000000000000000000011111111111111111111111110000
0000000000000000000000000000000000000000000000000000000000001111111111111111111111111110000
0000000000000000000000000000000000000000000000000000000000001011111111111111111111111110000
0000000000000000000000000000000000000000000000000000000000000111111111111111111111111110000
0000000000000000000000000000000000000000000000000000000000000111111111111111111111111110000
0000000000000000000000000000000000000000000000000000000000000011111111111111111111111110000
0000000000000000000000000000000000000000000000000000000000000011111111111111111111111110000
0000000000000000000000000000000000000000000000000000000000000011111111111111111111111110000
0000000000000000000000000000000000000000000000000000000000000111111111111111111111111110000
0000000000000000000000000000000000000000000000000000000000011111111111111111111111111110000
0000000000000000000000000000000000000000000000000000000000110111111111111111111111111110000
0000000000000000000000000000000000000000000000000000000000110111111111111111111111111110000
0000000000000000000000000000000000000000000000000000000000111111111111111111111111111110000
0000000000000000000000000000000000000000000000000000000011111111111111111111111111111110000
0000000000000000000000000000011000000000000000000000011111111111111111111111111111111110000
0000000000000000000000000001101100101100001100000011111111111111111111111111111111111110000
0000000000000000000000001101101111100101100100001101101111111111111111111111111111111110000
0000000000000100000001101101111101110111110111111111111111111111111111111111111111111110000
0110000000110110001110110111111110111110111111111111111111111111111111111111111111111110000
0010000110110011110110111111111111111111111111111111111111111111111111111111111111111110000
0010110110011110110111111111111111111111111111111111111111111111111111111111111111111110000
1111111111111111111111111111111111111111111111111111111111111111111111111111111111111110000
1111111111111111111111111111111111111111111111111111111111111111111111111111111111111110000
1111111111111111111111111111111111111111111111111111111111111111111111111111111111111110000
1111111111111111111111111111111111111111111111111111111111111111111111111111111111111110000
1111111111111111111111111111111111111111111111111111111111111111111111111111111111111110000
1111111111111111111111111111111111111111111111111111111111111111111111111111111111111110000
1111111111111111111111111111111111111111111111111111111111111111111111111111111111111110000
1111111111111111111111111111111111111111111111111111111111111111111111111111111111111110000
1111111111111111111111111111111111111111111111111111111111111111111111111111111111111110000
1111111111111111111111111111111111111111111111111111111111111111111111111111111111111110000
1111111111111111111111111111111111111111111111111111111111111111111111111111111111111110000
1111111111111111111111111111111111111111111111111111111111111111111111111111111111111110000
1111111111111111111111111111111111111111111111111111111111111111111111111111111111111110000
1111111111111111111111111111111111111111111111111111111111111111111111111111111111111110000
1111111111111111111111111111111111111111111111111111111111111111111111111111111111111110000
1111111111111111111111111111111111111111111111111111111111111111111111111111111111111110000
1111111111111111111111111111111111111111111111111111111111111111111111111111111111111110000
1111111111111111111111111111111111111111111111111111111111111111111111111111111111111110000
1111111111111111111111111111111111111111111111111111111111111111111111111111111111111110000
1111111111111111111111111111111111111111111111111111111111111111111111111111111111111110000
1111111111111111111111111111111111111111111111111111111111111111111111111111111111111110000
1111111111111111111111111111111111111111111111111111111111111111111111111111111111111110000
1111111111111111111111111111111111111111111111111111111111111111111111111111111111111110000
1111111111111111111111111111111111111111111111111111110110111111111111111111111111111110000
1111111111111111111111111111111111111111111111111111110111111111111111111111111111111110000
1111111111111111111111111111111111111111111111111111111111111111111111111111111111111110000
1111111111111111111111111111111111111111111111111111111111111111111111111111111111111110000
1111111111111111111111111111111111111111111111111111111111111111111111111111111111111110000
1111111111111111111111111111111111111111111111111111101111111111111111111111111111111110000
1111111111111111111111111111111111111111111111111111111111111111111111111111111111111110000
1111111111111111111111111111111111111111111111111111111111111111111111111111111111111110000
1111111111111111111111111111111111111111111111111111111111111111111111111111111111111110000
1111111111111111111111111111111111111111111111111111111111111111111111111111111111111110000
1111111111111111111111111111111111111111111111111111111111111111111111111111111111111110000
1111111111111111111111111111111111111111111111111111111111111111111111111111111111111110000
1111111011111111111111111111111111111111111111111111111111111111111111111111111111111110000
1111111111111111111111111111111111111111111111111111111111111111111111111111111111111110000
1111111111111111111111111111111111111111111111111111111111111111101101111111111111111110000
1111111111111111111111111111111111111111111111111111111111111101111110111111111111111110000
1111111111111111111111111111111111111111111111111111111111111110110111111111111111111110000
1111111111111110111111111111111111111111111111111111111111111110111111111111111111111110000
1111111111111111111111111111111111111111111111111111111111111011011011111111111111111110000
1111111111111111111111111111111111011111111111111111111111111111111111111111111111111110000
1011111111111011111111111111111111111111111111111111111111111111111111111111111111111110000
1111011111111101111111111111111111111111111111111111111111111111111111111111111111111110000
1111111111111111111111111111111101111111111111111111111111111111111111111111111111111110000
0111111111111111111111111111111111111111111111111111111111111111111111111111111111111110000
0101111111111111111111111111111111111111111111111111101111111111111111111111111111111110000
1111111111111111111111111111111111111111110110111100111111111111111111111111111111111110000
1111111111111111111111111111111111111111110110110100111111111111111111111111111111111110000
1111111111111111111111111111111111111110110110000110100011111011111111111111111111111110000
0000000000000000000000000000000000000000000000000000000000000000000000000000000000000000000
0000000000000000000000000000000000000000000000000000000000000000000000000000000000000000000
0000000000000000000000000000000000000000000000000000000000000000000000000000000000000000000
0000000000000000000000000000000000000000000000000000000000000000000000000000000000000000000
0000000000000000000000000000000000000000000000000000000000000000000000000000000000000000000
0000000000000000000000000000000000000000000000000000000000000000000000000000000000000000000
0000000000000000000000000000000000000000000000000000000000000000000000000000000000000000000
0000000000000000000000000000000000000000000000000000000000000000000000000000000000000000000
0000000000000000000000000000000000000000000000000000000000000000000000000000000000000000000
0000000000000000000000000000000000000000000000000000000000000000000000000000000000000000000
0000000000000000000000000000000000000000000000000000000000000000000000000000000000000000000
0000000000000000000000000000000000000000000000000000000000000000000000000000000000000000000
0000000000000000000000000000000000000000000000000000000000000000000000000000000000000000000
0000000000000000000000000000000000000000000000000000000000000000000000000000000000000000000
0000000000000000000000000000000000000000000000000000000000000000000000000000000000000000000
0000000000000000000000000000000000000000000000000000000000000000000000000000000000000000000
0000000000000000000000000000000000000000000000000000000000000000000000000000000000000000000
0000000000000000000000000000000000000000000000000000000000000000000000000000000000000000000
0000000000000000000000000000000000000000000000000000000000000000000000000000000000000000000
0000000000000000000000000000000000000000000000000000000000000000000000000000000000000000000
0000000000000000000000000000000000000000000000000000000000000000000000000000000000000000000
0000000000000000000000000000000000000000000000000000000000000000000000000000000000000000000
0000000000000000000000000000000000000000000000000000000000000000000000000000000000000000000
0000000000000000000000000000000000000000000000000000000000000000000000000000000000000000000
0000000000000000000000000000000000000000000000000000000000000000000000000000000000000000000