0000000000000000000000000000000000000000000000000000000000000000000000000000000000000000000
0000000000000000000000000000000000000000000000000000000000000000000000000000000000000000000
0000000000000000000000000000000000000000000000000000000000000000000000000000000000000000000
0000000000000000000000000000000000000000000000000000000000000000000000000000000000000000000
0000000000000000000000000000000000000000000000000000000000000000000000000000000000000000000
0000000000000000000000000000000000000000000000000000000000000000000000000000000000000000000
0000000000000000000000000000000000000000000000000000000000000000000000000000000000000000000
0000000000000000000000000000000000000000000000000000000000000000000000000000000000000000000
0000000000000000000000000000000000000000000000000000000000000000000000000000000000000000000
0000000000000000000000000000000000000000000000000000000000000000000000000000000000000000000
0000000000000000000000000000000000000000000000000000000000000000000000000000000000000000000
0000000000000000000000000000000000000000000000000000000000000000000000000000000000000000000
0000000000000000000000000000000000000000000000000000000000000000000000000000000000000000000
0000000000000000000000000000000000000000000000000000000000000000000000000000000000000000000
0000000000000000000000000000000000000000000000000000000000000000000000000000000000000000000
0000000000000000000000000000000000000000000000000000000000000000000000000000000000000000000
0000000000000000000000000000000000000000000000000000000000000000000000000000000000000000000
0000000000000000000000000000000000000000000000000000000000000000000000000000000000000000000
0000000000000000000000000000000000000000000000000000000000000000000000000000000000000000000
0000000000000000000000000000000000000000000000000000000000000000000000000000000000000000000
0000000000000000000000000000000000000000000000000000000000000000000000000000000000000000000
0000000000000000000000000000000000000000000000000000000000000000000000000000000000000000000
0000000000000000000000000000000000000000000000000000000000000000000000000000000000000000000
0000000000000000000000000000000000000000000000000000000000000000000000000000000000000000000
0000000000000000000000000000000000000000000000000000000000000000000000000000000000000000000
0000000000000000000000000000000000000000000000000000000000000000000000000000000000000000000
0000000000000000000000000001000000000000000000000000000000000000000000000000000000000000000
0000000000000000000000000001001000000000000000000000000000000000000000000000000000000000000
0000000000000000000001100001001111111000000101000000000011000000000000000000000000000000000
0000000000000000000000100101111111111101111101101001101101000000000000000000000000000000000
0000000000000000000000111111111111111111111111111111111101111100000000000000000000000000000
0000000000000000000111111111111111111111111111111111111111111111000000000000000000000000000
0000000000000000000011111111111111111111111111111111111111111111110000000000000000000000000
0000000000000000000011111111111111111111111111111111111111111111111000000000000000000000000
0000000000000000001111111111111111111111111111111111111111111111111100000000000000000000000
0000000000000000011111111111111111111111111111111111111111111111111111000000000000000000000
0000000000000000001111111111111111111111111111111111111111111111111111000000000000000000000
0000000000000000001111111111111111111111111111111111111111111111111011000000000000000000000
0000000000000001111111111111111111111111111111111111111111111111111111100000000000000000000
0000000000000001001111111111111110010111111110000101111111111111111110000000000000000000000
0000000000000000011111111111100000000010100010000000101111111111111100000000000000000000000
0000000000000000111111111001000000000000000000000000001111111111111100000000000000000000000
0000000000000000100111011011000000000000000000000000001001111111111110000000000000000000000
0000000000000000011111011011000000000000000000000000001111111111110110000000000000000000000
0000000000000000011111011000000000000000000000000000001111111111111110000000000000000000000
0000000000000000000010000000000000000000000000000000000011111111111100000000000000000000000
0000000000000000000000000000000000000000000000000000000111111111011000000000000000000000000
0000000000000000000000000000000000000000000000000000000111111111111000000000000000000000000
0000000000000000000000000000000000000000000000000000000111111111111000000000000000000000000
0000000000000000000000000000000000000000000000000000011111111111000000000000000000000000000
0000000000000000000000000000000000000000000000000000011011111111100000000000000000000000000
0000000000000000000000000000000000000000000000000000011011111111100000000000000000000000000
0000000000000000000000000000000000000000000000000000111111111111000000000000000000000000000
0000000000000000000000000000000000000000000000000001111111111100000000000000000000000000000
0000000000000000000000000000000000000000000000000001101111111110000000000000000000000000000
0000000000000000000000000000000000000000000000000001111111111110000000000000000000000000000
0000000000000000000000000000000000000000000000000110111111110000000000000000000000000000000
0000000000000000000000000000000000000000000000000100111111111000000000000000000000000000000
0000000000000000000000000000000000000000000000000101111111111000000000000000000000000000000
0000000000000000000000000000000000000000000000011111111111100000000000000000000000000000000
0000000000000000000000000000000000000000000000011011111011000000000000000000000000000000000
0000000000000000000000000000000000000000000000010011111111100000000000000000000000000000000
0000000000000000000000000000000000000000000000111111111111000000000000000000000000000000000
0000000000000000000000000000000000000000000000011111111100100000000000000000000000000000000
0000000000000000000000000000000000000000000000001111111111100000000000000000000000000000000
0000000000000000000000000000000000000000000000111111111111000000000000000000000000000000000
0000000000000000000000000000000000000000000001111111110110000000000000000000000000000000000
0000000000000000000000000000000000000000000001111111110110000000000000000000000000000000000
0000000000000000000000000000000000000000000001111111111110000000000000000000000000000000000
0000000000000000000000000000000000000000000111111111111000000000000000000000000000000000000
0000000000000000000000000000000000000000000111111111011000000000000000000000000000000000000
0000000000000000000000000000000000000000000011111111111000000000000000000000000000000000000
0000000000000000000000000000000000000000011111111111100000000000000000000000000000000000000
0000000000000000000000000000000000000000011011111111100000000000000000000000000000000000000
0000000000000000000000000000000000000000010011111111100000000000000000000000000000000000000
0000000000000000000000000000000000000000001111111111100000000000000000000000000000000000000
0000000000000000000000000000000000000000001111111110000000000000000000000000000000000000000
0000000000000000000000000000000000000000001111111110000000000000000000000000000000000000000
0000000000000000000000000000000000000000111111111111000000000000000000000000000000000000000
0000000000000000000000000000000000000000111111110010000000000000000000000000000000000000000
0000000000000000000000000000000000000000110111111111000000000000000000000000000000000000000
0000000000000000000000000000000000000000111111111111000000000000000000000000000000000000000
0000000000000000000000000000000000000111111111111000000000000000000000000000000000000000000
0000000000000000000000000000000000000011011111111000000000000000000000000000000000000000000
0000000000000000000000000000000000000011111111111110000000000000000000000000000000000000000
0000000000000000000000000000000000011111111111100000000000000000000000000000000000000000000
0000000000000000000000000000000000011011111111100000000000000000000000000000000000000000000
0000000000000000000000000000000000000001111111100000000000000000000000000000000000000000000
0000000000000000000000000000000000001111111111100000000000000000000000000000000000000000000
0000000000000000000000000000000000001111111110110000000000000000000000000000000000000000000
0000000000000000000000000000000000001101111111110000000000000000000000000000000000000000000
0000000000000000000000000000000000111111111111000000000000000000000000000000000000000000000
0000000000000000000000000000000000110111111111000000000000000000000000000000000000000000000
0000000000000000000000000000000000000111111111000000000000000000000000000000000000000000000
0000000000000000000000000000000000011111111111000000000000000000000000000000000000000000000
0000000000000000000000000000000000011111111000000000000000000000000000000000000000000000000
0000000000000000000000000000000000011011111101100000000000000000000000000000000000000000000
0000000000000000000000000000000000111111111111000000000000000000000000000000000000000000000
0000000000000000000000000000000001111111110100000000000000000000000000000000000000000000000
0000000000000000000000000000000001001111111100000000000000000000000000000000000000000000000
0000000000000000000000000000000001111111111110000000000000000000000000000000000000000000000
0000000000000000000000000000000001111111110000000000000000000000000000000000000000000000000
0000000000000000000000000000000000111111110010000000000000000000000000000000000000000000000
0000000000000000000000000000000001111111111110000000000000000000000000000000000000000000000
0000000000000000000000000000000111111111101000000000000000000000000000000000000000000000000
0000000000000000000000000000000110111111011000000000000000000000000000000000000000000000000
0000000000000000000000000000000011111111111000000000000000000000000000000000000000000000000
0000000000000000000000000000000011111111100000000000000000000000000000000000000000000000000
0000000000000000000000000000000011111111100000000000000000000000000000000000000000000000000
0000000000000000000000000000000011111111100000000000000000000000000000000000000000000000000
0000000000000000000000000000000001111111000000000000000000000000000000000000000000000000000
0000000000000000000000000000000001111110000000000000000000000000000000000000000000000000000
0000000000000000000000000000000011111110000000000000000000000000000000000000000000000000000
0000000000000000000000000000000001111111000000000000000000000000000000000000000000000000000
0000000000000000000000000000000000110010000000000000000000000000000000000000000000000000000
0000000000000000000000000000000000011011000000000000000000000000000000000000000000000000000
0000000000000000000000000000000000011010000000000000000000000000000000000000000000000000000