0000000000000000000000000000000000000000000000000000000000000000000000000000000000000000000
0000000000000000000000000000000000000000000000000000000000000000000000000000000000000000000
0000000000000000000000000000000000000000000000000000000000000000000000000000000000000000000
0000000000000000000000000000000000000000000000000000000000000000000000000000000000000000000
0000000000000000000000000000000000000000000000000000000000000000000000000000000000000000000
0000000000000000000000000000000000000000000000000000000000000000000000000000000000000000000
0000000000000000000000000000000000000000000000000000000000000000000000000000000000000000000
0000000000000000000000000000000000000000000000000101001000000000000000000000000000000000000
0000000000000000000000000000000000000000000000000101001000000000000000000000000000000000000
0000000000000000000000000000000000000000000000111111111000000000000000000000000000000000000
0000000000000000000000000000000000000000000001111111111111111111000000000000000000000000000
0000000000000000000000000000000000000000000001111111111111111101000000000000000000000000000
0000000000000000000000000000000000000000000011111111111111111100000000000000000000000000000
0000000000000000000000000000000000000000001111111111111111111111000000000000000000000000000
0000000000000000000000000000000000000000000010011111111111111110000000000000000000000000000
0000000000000000000000000000000000000000000011111111111111111110000000000000000000000000000
0000000000000000000000000000000000000000000000011111111111111100000000000000000000000000000
0000000000000000000000000000000000000000000000011111111111111000000000000000000000000000000
0000000000000000000000000000000000000000000000111111111111111000000000000000000000000000000
0000000000000000000000000000000000000000000000000111111111100000000000000000000000000000000
0000000000000000000000000000000000000000000000000111111111100000000000000000000000000000000
0000000000000000000000000000000000000000000000000111111111100000000000000000000000000000000
0000000000000000000000000000000000000000000000000001111111111000000000000000000000000000000
0000000000000000000000000000000000000000000000000111111111000000000000000000000000000000000
0000000000000000000000000000000000000000000000000001111111000000000000000000000000000000000
0000000000000000000000000000000000000000000000001101111111000000000000000000000000000000000
0000000000000000000000000000000000000000000000001111111111000000000000000000000000000000000
0000000000000000000000000000000000000000000000000001111111111000000000000000000000000000000
0000000000000000000000000000000000000000000000001111111111000000000000000000000000000000000
0000000000000000000000000000000000000000000000000001111111000000000000000000000000000000000
0000000000000000000000000000000000000000000000000011111111110000000000000000000000000000000
0000000000000000000000000000000000000000000000001111111111000000000000000000000000000000000
0000000000000000000000000000000000000000000000000011111111110000000000000000000000000000000
0000000000000000000000000000000000000000000000001111111111000000000000000000000000000000000
0000000000000000000000000000000000000000000000000011111111000000000000000000000000000000000
0000000000000000000000000000000000000000000000000011111111110000000000000000000000000000000
0000000000000000000000000000000000000000000000001111111110000000000000000000000000000000000
0000000000000000000000000000000000000000000000000011111111110000000000000000000000000000000
0000000000000000000000000000000000000000000000000011111110000000000000000000000000000000000
0000000000000000000000000000000000000000000000000010111110000000000000000000000000000000000
0000000000000000000000000000000000000000000000000011111111110000000000000000000000000000000
0000000000000000000000000000000000000000000000000011111110000000000000000000000000000000000
0000000000000000000000000000000000000000000000000011111111100000000000000000000000000000000
0000000000000000000000000000000000000000000000000111111110100000000000000000000000000000000
0000000000000000000000000000000000000000000000000000111110000000000000000000000000000000000
0000000000000000000000000000000000000000000000000111111111100000000000000000000000000000000
0000000000000000000000000000000000000000000000000111111110000000000000000000000000000000000
0000000000000000000000000000000000000000000000000100111111100000000000000000000000000000000
0000000000000000000000000000000000000000000000000111111111100000000000000000000000000000000
0000000000000000000000000000000000000000000000000001111100000000000000000000000000000000000
0000000000000000000000000000000000000000000000000111111111100000000000000000000000000000000
0000000000000000000000000000000000000000000000000111111100000000000000000000000000000000000
0000000000000000000000000000000000000000000000000001111111100000000000000000000000000000000
0000000000000000000000000000000000000000000000000111111111100000000000000000000000000000000
0000000000000000000000000000000000000000000000000001111100000000000000000000000000000000000
0000000000000000000000000000000000000000000000001111111111000000000000000000000000000000000
0000000000000000000000000000000000000000000000001111111100000000000000000000000000000000000
0000000000000000000000000000000000000000000000000001111111000000000000000000000000000000000
0000000000000000000000000000000000000000000000001111111111000000000000000000000000000000000
0000000000000000000000000000000000000000000000000001111100000000000000000000000000000000000
0000000000000000000000000000000000000000000000001101111111000000000000000000000000000000000
0000000000000000000000000000000000000000000000001111111111000000000000000000000000000000000
0000000000000000000000000000000000000000000000000011111111000000000000000000000000000000000
0000000000000000000000000000000000000000000000001111111111000000000000000000000000000000000
0000000000000000000000000000000000000000000000000011111001000000000000000000000000000000000
0000000000000000000000000000000000000000000000001111111111000000000000000000000000000000000
0000000000000000000000000000000000000000000000000111111111000000000000000000000000000000000
0000000000000000000000000000000000000000000000000011111110000000000000000000000000000000000
0000000000000000000000000000000000000000000000011111111110000000000000000000000000000000000
0000000000000000000000000000000000000000000000000011111110000000000000000000000000000000000
0000000000000000000000000000000000000000000000000011111110000000000000000000000000000000000
0000000000000000100000000000000000000000000000000111111110000000000000000000000000000000000
0000000000000000110000000000000000000000000000000011111111110000000000000000000000000000000
0000000000000010100000000000000000000000000000011111111110000000000000000000000000000000000
0000000000000111111100000000000000000000000000000111111110000000000000000000000000000000000
0000000000001111101100000000000000000000000000000111111110000000000000000000000000000000000
0000000000001001100100000000000000000000000000000111111110000000000000000000000000000000000
0000000000001111111111000000000000000000000000000111111111100000000000000000000000000000000
0000000000001111111100000000000000000000000000000111111110000000000000000000000000000000000
0000000000001001111111000000000000000000000000000111111110000000000000000000000000000000000
0000000000001111111111000000000000000000000000000111111100000000000000000000000000000000000
0000000000000011111001000000000000000000000000000111111100000000000000000000000000000000000
0000000000001111111111110000000000000000000000001111111100000000000000000000000000000000000
0000000000001111111111010000000000000000000000111111111100000000000000000000000000000000000
0000000000000011111111100000000000000000000000111111111000000000000000000000000000000000000
0000000000000011111111110000000000000000000001111111110000000000000000000000000000000000000
0000000000000010111111110000000000000000000011111111100000000000000000000000000000000000000
0000000000000011111111111101100000000000000011111111100000000000000000000000000000000000000
0000000000000011111111111101101000010000101111111111000000000000000000000000000000000000000
0000000000000000110111111101101000010000111111111111000000000000000000000000000000000000000
0000000000000000110111111111111111110101111111111110000000000000000000000000000000000000000
0000000000000000011111111111111111111111111111111100000000000000000000000000000000000000000
0000000000000000001101111111111111111111111111100000000000000000000000000000000000000000000
0000000000000000001111111111111111111111111111100000000000000000000000000000000000000000000
0000000000000000000000011111111111111111111110000000000000000000000000000000000000000000000
0000000000000000000000011011111111111111111100000000000000000000000000000000000000000000000
0000000000000000000000011011111111111010100000000000000000000000000000000000000000000000000
0000000000000000000000000000001111111010100000000000000000000000000000000000000000000000000
0000000000000000000000000000000000000000000000000000000000000000000000000000000000000000000
0000000000000000000000000000000000000000000000000000000000000000000000000000000000000000000
0000000000000000000000000000000000000000000000000000000000000000000000000000000000000000000
0000000000000000000000000000000000000000000000000000000000000000000000000000000000000000000
0000000000000000000000000000000000000000000000000000000000000000000000000000000000000000000
0000000000000000000000000000000000000000000000000000000000000000000000000000000000000000000
0000000000000000000000000000000000000000000000000000000000000000000000000000000000000000000
0000000000000000000000000000000000000000000000000000000000000000000000000000000000000000000
0000000000000000000000000000000000000000000000000000000000000000000000000000000000000000000
0000000000000000000000000000000000000000000000000000000000000000000000000000000000000000000
0000000000000000000000000000000000000000000000000000000000000000000000000000000000000000000
0000000000000000000000000000000000000000000000000000000000000000000000000000000000000000000
0000000000000000000000000000000000000000000000000000000000000000000000000000000000000000000
0000000000000000000000000000000000000000000000000000000000000000000000000000000000000000000
0000000000000000000000000000000000000000000000000000000000000000000000000000000000000000000
0000000000000000000000000000000000000000000000000000000000000000000000000000000000000000000
0000000000000000000000000000000000000000000000000000000000000000000000000000000000000000000
0000000000000000000000000000000000000000000000000000000000000000000000000000000000000000000
0000000000000000000000000000000000000000000000000000000000000000000000000000000000000000000