0000000000000000000000000000000000000000000000000000000000000000000000000000000000000000000
0000000000000000000000000000000000000000000000000000000000000000000000000000000000000000000
0000000000000000000000000000000000000000000000000000000000000000000000000000000000000000000
0000000000000000000000000000000000000000000000000000000000000000000000000000000000000000000
0000000000000000000000000000000000000000000000000000000000000000000000000000000000000000000
0000000000000000000000000000000000000000000000000000000000000000000000000000000000000000000
0000000000000000000000000000000000000000000000000000000000000000000000000000000000000000000
0000000000000000000000000000000000000000000000000000000000000000000000000000000000000000000
0000000000000000000000000000000000000000000000000000000000000000000000000000000000000000000
0000000000000000000000000000000000000000000000000000000000000000000000000000000000000000000
0000000000000000000000000000000000000000000000000000000000000000000000000000000000000000000
0000000000000000000000000000000000000000000000000000000000000000000000000000000000000000000
0000000000000000000000000000000000000000000000000000000000000000000000000000000000000000000
0000000000000000000000000000000000000000000000000000000000000000000000000000000000000000000
0000000000000000000000000000000000000000000000000000000000000000000000000000000000000000000
0000000000000000000000000000000000000000000000000000000000000000000000000000000000000000000
0000000000000000000000000010000000000000000000000000000000000000000000000000000000000000000
0000000000000000000000000110000000000000000000000000000000000000000000000000000000000000000
0000000000000000000000000100000000000000000000000000000000000000000000000000000000000000000
0000000000000000000000000110100000000000000000000000000000000000000000000000000000000000000
0000000000000000000000000111100000000000000000000000000000000000000000000000000000000000000
0000000000000000000000000110110000000000000000000000000000000000000000000000000000000000000
0000000000000000000000000111110100000000000000000000000000000000000000000000000000000000000
0000000000000000000000000111110110000000000000000000000000000000000000000000000000000000000
0000000000000000000000000111111100000000000000000000000000000000000000000000000000000000000
0000000000000000000000000111111100000000000000000000000000000000000000000000000000000000000
0000000000000000000000000111111110000000000000000000000000000000000000000000000000000000000
0000000000000000000000000111111111100000000000000000000000000000000000000000000000000000000
0000000000000000000000000111111111110000000000000000000000000000000000000000000000000000000
0000000000000000000000000111111111111100000000000000000000000000000000000000000000000000000
0000000000000000000000000111111111101111000000000000000000000000000000000000000000000000000
0000000000000000000000000111111111111101100000000000000000000000000000000000000000000000000
0000000000000000000000000111111111111111101000000000000000000000000000000000000000000000000
0000000000000000000000000111111111111111001000000000000000000000000000000000000000000000000
0000000000000000000000000111111111111111101000000000000000000000000000000000000000000000000
0000000000000000000000000111111111111111111000000000000000000000000000000000000000000000000
0000000000000000000000000111111111111111111110000000000000000000000000000000000000000000000
0000000000000000000000000111111111111111111101000000000000000000000000000000000000000000000
0000000000000000000000000111111111111111111111100000000000000000000000000000000000000000000
0000000000000000000000000111111111111111111111000000000000000000000000000000000000000000000
0000000000000000000000000111111111111111111111010000000000000000000000000000000000000000000
0000000000000000000000000111111111111111111111110000000000000000000000000000000000000000000
0000000000000000000000000111111111111111111111111000000000000000000000000000000000000000000
0000000000000000000000000111111111111111111111111110000000000000000000000000000000000000000
0000000000000000000000000111111111111111111111111111000000000000000000000000000000000000000
0000000000000000000000000111111111111111111111111011110000000000000000000000000000000000000
0000000000000000000000000111111111111111111111111111111000000000000000000000000000000000000
0000000000000000000000000111111111111111111111111111111110000000000000000000000000000000000
0000000000000000000000000111111111111111111111111111110111100000000000000000000000000000000
0000000000000000000000000111111111111111111111111111111110110000000000000000000000000000000
0000000000000000000000000111111111111111111111111111111110110000000000000000000000000000000
0000000000000000000000000111111111111111111111111111111111100000000000000000000000000000000
0000000000000000000000000111111111111111111111111111111111110000000000000000000000000000000
0000000000000000000000000111111111111111111111111111111111111000000000000000000000000000000
0000000000000000000000000111111111111111111111111111111111111111000000000000000000000000000
0000000000000000000000000111111111111111111111111111111111110110100000000000000000000000000
0000000000000000000000000111111111111111111111111111111111111110110000000000000000000000000
0000000000000000000000000111111111111111111111111111111111111111100000000000000000000000000
0000000000000000000000000111111111111111111111111111111111111111101000000000000000000000000
0000000000000000000000000111111111111111111111111111111111111111111000000000000000000000000
0000000000000000000000000111111111111111111111111111111111111111111100000000000000000000000
0000000000000000000000000111111111111111111111111111111111111111111111000000000000000000000
0000000000000000000000000111111111111111111111111111111111111111111111110000000000000000000
0000000000000000000000000111111111111111111111111111111111111111111101111000000000000000000
0000000000000000000000000111111111111111111111111111111111111111111111101100000000000000000
0000000000000000000000000111111111111111111111111111111111111111111111111101100000000000000
0000000000000000000000000111111111111111111111111111111111111111111111111001000000000000000
0000000000000000000000000111111111111111111111111111111111111111111111111101000000000000000
0000000000000000000000000111111111111111111111111111111111111111111111111111000000000000000
0000000000000000000000000111111111111111111111111111111111111111111111111111110000000000000
0000000000000000000000000111111111111111111111111111111111111111111111111111111000000000000
0000000000000000000000000111111111111111111111111111111111111111111111111111111110000000000
0000000000000000000000000111111111111111111111111111111111111111111111111111111011100000000
0000000000000000000000000111111111111111111111111111111111111111111111111111111011010000000
0000000000000000000000000111111111111111111111111111111111111111111111111111111111011000000
0000000000000000000000000111111111111111111111111111111111111111111111111111111111010000000
0000000000000000000000000111111111111111111111111111111111111111111111111111111111110000000
0000000000000000000000000111111111111111111111111111111111111111111111111111111111111100000
0000000000000000000000000111111111111111111111111111111111111111111111111111111111111110000
0000000000000000000000000000000000000000000000000000000000000000000000000000000000000000000
0000000000000000000000000000000000000000000000000000000000000000000000000000000000000000000
0000000000000000000000000000000000000000000000000000000000000000000000000000000000000000000
0000000000000000000000000000000000000000000000000000000000000000000000000000000000000000000
0000000000000000000000000000000000000000000000000000000000000000000000000000000000000000000
0000000000000000000000000000000000000000000000000000000000000000000000000000000000000000000
0000000000000000000000000000000000000000000000000000000000000000000000000000000000000000000
0000000000000000000000000000000000000000000000000000000000000000000000000000000000000000000
0000000000000000000000000000000000000000000000000000000000000000000000000000000000000000000
0000000000000000000000000000000000000000000000000000000000000000000000000000000000000000000
0000000000000000000000000000000000000000000000000000000000000000000000000000000000000000000
0000000000000000000000000000000000000000000000000000000000000000000000000000000000000000000
0000000000000000000000000000000000000000000000000000000000000000000000000000000000000000000
0000000000000000000000000000000000000000000000000000000000000000000000000000000000000000000
0000000000000000000000000000000000000000000000000000000000000000000000000000000000000000000
0000000000000000000000000000000000000000000000000000000000000000000000000000000000000000000
0000000000000000000000000000000000000000000000000000000000000000000000000000000000000000000
0000000000000000000000000000000000000000000000000000000000000000000000000000000000000000000
0000000000000000000000000000000000000000000000000000000000000000000000000000000000000000000
0000000000000000000000000000000000000000000000000000000000000000000000000000000000000000000
0000000000000000000000000000000000000000000000000000000000000000000000000000000000000000000
0000000000000000000000000000000000000000000000000000000000000000000000000000000000000000000
0000000000000000000000000000000000000000000000000000000000000000000000000000000000000000000
0000000000000000000000000000000000000000000000000000000000000000000000000000000000000000000
0000000000000000000000000000000000000000000000000000000000000000000000000000000000000000000
0000000000000000000000000000000000000000000000000000000000000000000000000000000000000000000
0000000000000000000000000000000000000000000000000000000000000000000000000000000000000000000
0000000000000000000000000000000000000000000000000000000000000000000000000000000000000000000
0000000000000000000000000000000000000000000000000000000000000000000000000000000000000000000
0000000000000000000000000000000000000000000000000000000000000000000000000000000000000000000
0000000000000000000000000000000000000000000000000000000000000000000000000000000000000000000
0000000000000000000000000000000000000000000000000000000000000000000000000000000000000000000
0000000000000000000000000000000000000000000000000000000000000000000000000000000000000000000
0000000000000000000000000000000000000000000000000000000000000000000000000000000000000000000
0000000000000000000000000000000000000000000000000000000000000000000000000000000000000000000
0000000000000000000000000000000000000000000000000000000000000000000000000000000000000000000
0000000000000000000000000000000000000000000000000000000000000000000000000000000000000000000
0000000000000000000000000000000000000000000000000000000000000000000000000000000000000000000