0000000000000000000000000000000000000000000000000000000000000000000000000000000000000000000
0000000000000000000000000000000000000000000000000000000000000000000000000000000000000000000
0000000000000000000000000000000000000000000000000000000000000000000000000000000000000000000
0000000000000000000000000000000000000000000000000000000000000000000000000000000000000000000
0000000000000000000000000000000000000000000000000000000000000000000000000000000000000000000
0000000000000000000000000000000000000000000000000000000000000000000000000000000000000000000
0000000000000000000000000000000000000000000000000000000000000000000000000000000000000000000
0000000000000000000000000000000000000000000000000000000000000000000000000000000000000000000
0000000000000000000000000000000000000000000000000000000000000000000000000000000000000000000
0000000000000000000000000000000000000000000000000000000000000000000000000000000000000000000
0000000000000000000000000000000000000000000000000000000000000000000000000000000000000000000
0000000000000000000000000000000000000000000000000000000000000000000000000000000000000000000
0000000000000000000000000000000000000000000000000000000000000000000000000000000000000000000
0000000000000000000000000000000000000000000000000000000000000000000000000000000000000000000
0000000000000000000000000000000000000000000000000000000000000000000000000000000000000000000
0000000000000000000000000000000000000000000000000000000000000000000000000000000000000000000
0000000000000000000000000000000000000000000000000000000000000000000000000000000000000000000
0000000000000000000000000000000000000000000000000000000000000000000000000000000000000000000
0000000000000000000000000000000000000000000000000000000000000000000000000000000000000000000
0000000000000000000000000000000000000000000000000000000000000000000000000000000000000000000
0000000000000000000000000000000000000000000000000000000000000000000000000000000000000000000
0000000000000000000000000000000000000000000000000000000000000000000000000000000000000000000
0000000000000000000000000000000000000000000000000000000000000000000000000000000000000000000
0000000000000000000000000000000000000000000000000000000000000000000000000000000000000000000
0000000000000000000000000000000000000000000000000000000000000000000000000000000000000000000
0000000000000000000000000000000000000000000000000000000000000000000000000000000000000000000
0000000000000000000000000000000000000000000000000000000000000000000000000000000000000000000
0000000000000000000000000000000000000000000000000000000000000000000000000000000000000000000
0000000000000000000000000000000000000000000000000000000000000000000000000000000000000000000
0000000000000000000000000000000000000000000000000000000000000000000000000000000000000000000
0000000000000000000000000000000000000000000000000000000000000000000000000000000000000000000
0000000000000000000000000000000000000000000000000000000000000000000000000000000000000000000
0000000000000000000000000000000000000000000000000000000000000000000000001110100000000000000
0000000000000000000000000000000000000000000000000000000000000000000000011111100000000000000
0000000000000000000000000000000000000000000000000000000000000000000011111111100000000000000
0000000000000000000000000000000000011100000000000000000000000011101111111111100000000000000
0000000000000000000000000000001011110111000000011100000110110111111111111111100000000000000
0000000000000000000000000011111111110110111111111111100101111111111111111111100000000000000
0000000000000000000000000000111111111110110111111111111111111111111111111111100000000000000
0000000000000000000010000100011111111111111111111111111111111111111111111111100000000000000
0000000000000010010011000111111111111111111111111111111111111111111111111111100000000000000
0000011110000011110010011111111111111111111111111111111111111111111111111111100000000000000
0001111111100111111110111111111111111111111111111111111111111111111111111111100000000000000
0000111111111111111111111111111111111111111111111111111111111111111111111111100000000000000
1101111111111111111111111111111111111111111111111111111111111111111111111111100000000000000
0111111111111111111111111111111111111111111111111111111111111111111111111111100000000000000
0001111111111111111111111111111111111111111111111111111111111111111111111111100000000000000
0011111111111100111111111111111101111111111111111111111111111111111111111111100000000000000
0011111111001111111111111111111111111111111111111111111111111111111111111111000000000000000
0111111111101111111111111111111111111111111111111111111111111111111111111111000000000000000
0111111111110111111111111111111111111111111111111111111111111111111111111111100000000000000
1111111111110011011111111111111111111111111111111111111111111111111111111111100000000000000
1111111111110011011011111111111111111111111111111111111111111111111111111111100000000000000
1111111111000011011011011111111111111111111111111111111111111111111111111111100000000000000
1111111111000000010010010011111111111111111111111111111111111111111111111111100000000000000
1111111000000000000000010010011111111111111111111111111111111111111111111111100000000000000
1011000000000000000000000011011111111111111111111111111111111111111111111111100000000000000
0010000000000000000000000111011111111111111111111111111111111111111111111111100000000000000
0000000000000000000000000000111111111111111111111111111111111111111111111111100000000000000
0000000000000000000000000000000111111111111111111111111111111111111111111111100000000000000
0000000000000000000000000000000111111111111111111111111111111111111111111111100000000000000
0000000000000000000000000000000111111111111111111111111111111111111111111111100000000000000
0000000000000000000000000000001111111111111111111111111111111111111111111111100000000000000
0000000000000000000000000000001111111111111111111111111111111111111111111111100000000000000
0000000000000000000000000011111111111111111111111111111111111111111111111111100000000000000
0000000000000000000000000000011111111111111111111111111111111111111111111111100000000000000
0000000000000000000000000111011111111111111111111111111111111111111111111111100000000000000
0000000000000000000000000111111111111111111111111111111111111111111111111111100000000000000
0000000000000000000000001111111111111111111111111111111111111111111111111111100000000000000
0000000000000000000000011111111111111111111111111111111111111111111111111111100000000000000
0000000000000000000011111111111111111111111111111111111111111111111111111111100000000000000
0000000000000000000011111111111111111111111111111111111111111111111111111111100000000000000
0000000000000000001111111111111111111111111111111111111111111111111111111111100000000000000
0000000000000000011111111111111111111111111111111111111111111111111111111111100000000000000
0000000000000000011111111111111111111111111111111111111111111111111111111111100000000000000
0000000000000000000111111111111111111111111111111111111111111111111111111111100000000000000
0000000000000000001100111111111111111111111111111111111111111111111111111111100000000000000
0000000000000000001101110111111111111111111111111111111111111111111111111111100000000000000
0000000000000000000101111110111111111111111111111111111111111111111111111111100000000000000
0000000000000000000000101111111111111111111111111111111111111111111111111111100000000000000
0000000000000000000000001111111111111111111111111111111111111111111111111111100000000000000
0000000000000000000000000011111111111111111111111111111111111111111111111111100000000000000
0000000000000000000000000000011111111111111111111111111111111111111111111111100000000000000
0000000000000000000000000000000000000000000000000000000000000000000000000000000000000000000
0000000000000000000000000000000000000000000000000000000000000000000000000000000000000000000
0000000000000000000000000000000000000000000000000000000000000000000000000000000000000000000
0000000000000000000000000000000000000000000000000000000000000000000000000000000000000000000
0000000000000000000000000000000000000000000000000000000000000000000000000000000000000000000
0000000000000000000000000000000000000000000000000000000000000000000000000000000000000000000
0000000000000000000000000000000000000000000000000000000000000000000000000000000000000000000
0000000000000000000000000000000000000000000000000000000000000000000000000000000000000000000
0000000000000000000000000000000000000000000000000000000000000000000000000000000000000000000
0000000000000000000000000000000000000000000000000000000000000000000000000000000000000000000
0000000000000000000000000000000000000000000000000000000000000000000000000000000000000000000
0000000000000000000000000000000000000000000000000000000000000000000000000000000000000000000
0000000000000000000000000000000000000000000000000000000000000000000000000000000000000000000
0000000000000000000000000000000000000000000000000000000000000000000000000000000000000000000
0000000000000000000000000000000000000000000000000000000000000000000000000000000000000000000
0000000000000000000000000000000000000000000000000000000000000000000000000000000000000000000
0000000000000000000000000000000000000000000000000000000000000000000000000000000000000000000
0000000000000000000000000000000000000000000000000000000000000000000000000000000000000000000
0000000000000000000000000000000000000000000000000000000000000000000000000000000000000000000
0000000000000000000000000000000000000000000000000000000000000000000000000000000000000000000
0000000000000000000000000000000000000000000000000000000000000000000000000000000000000000000
0000000000000000000000000000000000000000000000000000000000000000000000000000000000000000000
0000000000000000000000000000000000000000000000000000000000000000000000000000000000000000000
0000000000000000000000000000000000000000000000000000000000000000000000000000000000000000000
0000000000000000000000000000000000000000000000000000000000000000000000000000000000000000000
0000000000000000000000000000000000000000000000000000000000000000000000000000000000000000000
0000000000000000000000000000000000000000000000000000000000000000000000000000000000000000000
0000000000000000000000000000000000000000000000000000000000000000000000000000000000000000000
0000000000000000000000000000000000000000000000000000000000000000000000000000000000000000000
0000000000000000000000000000000000000000000000000000000000000000000000000000000000000000000
0000000000000000000000000000000000000000000000000000000000000000000000000000000000000000000
0000000000000000000000000000000000000000000000000000000000000000000000000000000000000000000
0000000000000000000000000000000000000000000000000000000000000000000000000000000000000000000
0000000000000000000000000000000000000000000000000000000000000000000000000000000000000000000