0000000000000000000000000000000000000000000000000000000000000000000000000000000000000000000
0000000000000000000000000000000000000000000000000000000000000000000000000000000000000000000
0000000000000000000000000000000000000000000000000000000000000000000000000000000000000000000
0000000000000000000000000000000000000000000000000000000000000000000000000000000000000000000
0000000000000000000000000000000000000000000000000000000000000000000000000000000000000000000
0000000000000000000000000000000000000000000000000000000000000000000000000000000000000000000
0000000000000000000000000000000000000000000000000000000000000000000000000000000000000000000
0000000000000000000000000000000000000000000000000000000000000000000000000000000000000000000
0000000000000000000000000000000000000000000000000000000000000000000000000000000000000000000
0000000000000000000000000000000000000000000000000000000000000000100000000000000000000000000
0000000000000000000000000000000000000000000000000000000000000101100000000000000000000000000
0000000000000000000000000000000000000000000000000000000000011100110110000000000000000000000
0000000000000000000000000000000000000000000000000000000001101110111111000000000000000000000
0000000000000000000000000000000000000000000000000000000101111111111100000000000000000000000
0000000000000000000000000000000000000000000000000000001111111111111000000000000000000000000
0000000000000000000000000000000000000000000000000000000110111111111100000000000000000000000
0000000000000000000000000000000000000000000000000000000111111111111000000000000000000000000
0000000000000000000000000000000000000000000000000000000111111111111000000000000000000000000
0000000000000000000000000000000000000000000000000000000111111111110000000000000000000000000
0000000000000000000000000000000000000000000000000000001111111111000000000000000000000000000
0000000000000000000000000000000000000000000000000000011111111100000000000000000000000000000
0000000000000000000000000000000000000000000000000000001111111100000000000000000000000000000
0000000000000000000000000000000000000000000000000000001111111100000000000000000000000000000
0000000000000000000000000000000000000000000000000000011111110100000000000000000000000000000
0000000000000000000000000000000000000000000000000000011111110000000000000000000000000000000
0000000000000000000000000000000000000000000000000000111111100000000000000000000000000000000
0000000000000000000000000000000000000000000000000001111111100000000000000000000000000000000
0000000000000000000000000000000000000000000000000001111111000000000000000000000000000000000
0000000000000000000000000000000000000000000000000001111111000000000000000000000000000000000
0000000000000000000000000000000000000000000000000111111110000000000000000000000000000000000
0000000000000000000000000000000000000000000000000111111100000000000000000000000000000000000
0000000000000000000000000000000000000000000000000111111100000000000000000000000000000000000
0000000000000000000000000000000000000000000000000111111100000000000000000000000000000000000
0000000000000000000000000000000000000000000000001111111000000000000000000000000000000000000
0000000000000000000000000000001100000000000000011111110000000000000000000000000000000000000
0000000000000000000000000000111000000000000000011111110000000000000000000000000000000000000
0000000000000000000000000001100000000000000000111111110000000000000000000000000000000000000
0000000000000000000000000011111100000000000000111111000000000000000000000000000000000000000
0000000000000000000000000001111000000000000101111111000000000000000000000000000000000000000
0000000000000000000000000001111000000000000101111101000000000000000000000000000000000000000
0000000000000000000000000001111100000000000111111100000000000000000000000000000000000000000
0000000000000000000000000011111000000000000111111110000000000000000000000000000000000000000
0000000000000000000000000111111100000000001111110100000000000000000000000000000000000000000
0000000000000000000000000011111000000000011111111000000000000000000000000000000000000000000
0000000000000000000000000011111110000001011111111000000000000000000000000000000000000000000
0000000000000000000000000011111100000001011111110000000000000000000000000000000000000000000
0000000000000000000000000001110001000001111111101110000000000000000000000000000000000000000
0000000000000000000000000001111111000111111111111000000000000000000000000000000000000000000
0000000000000000000000000011111100001111111111110001000000000000000000000000000000000000000
0000000000000000000000000000111100111111111111111111000000000000000000000000000000000000000
0000000000000000000000000001111111111111111111111100000000000000000000000000000000000000000
0000000000000000000000000011111111111111111111111100000000000000000000000000000000000000000
0000000000000000000000000010111110111111111111111111000000000000000000000000000000000000000
0000000000000000000000000001111111111111111111111110000000000000000000000000000000000000000
0000000000000000000000000001111111111111111111111110000000000000000000000000000000000000000
0000000000000000000000000001111111111111111001111111100000000000000000000000000000000000000
0000000000000000000000000001111111111111101001110111000000000000000000000000000000000000000
0000000000000000000000000001111111111101001100011111000000000000000000000000000000000000000
0000000000000000000000000011111111111001000100111111110000000000000000000000000000000000000
0000000000000000000000000011111111111100000000111011100000000000000000000000000000000000000
0000000000000000000000000011111111100100000000000111111110000000000000000000000000000000000
0000000000000000000000000011111111100000000000011111111000000000000000000000000000000000000
0000000000000000000000000111111111100000000000001101111000000000000000000000000000000000000
0000000000000000000000000001111111000000000000000001111111000000000000000000000000000000000
0000000000000000000000000111111111000000000000000111111100000000000000000000000000000000000
0000000000000000000000000111111110000000000000000110011100100000000000000000000000000000000
0000000000000000000000000011111110000000000000000000111111100000000000000000000000000000000
0000000000000000000000000011111110000000000000000011111110000000000000000000000000000000000
0000000000000000000000000011111100000000000000000000001110000000000000000000000000000000000
0000000000000000000000000001111000000000000000000000111111100000000000000000000000000000000
0000000000000000000000000000111000000000000000000001111111000000000000000000000000000000000
0000000000000000000000000011111000000000000000000000001111100000000000000000000000000000000
0000000000000000000000000111111100000000000000000000111111110000000000000000000000000000000
0000000000000000000000000001111000000000000000000000011111110000000000000000000000000000000
0000000000000000000000000011111110000000000000000000011111110000000000000000000000000000000
0000000000000000000000000011111000000000000000000000001111111000000000000000000000000000000
0000000000000000000000000001110000000000000000000000001111111000000000000000000000000000000
0000000000000000000000000001111100000000000000000000000111111000000000000000000000000000000
0000000000000000000000000011111000000000000000000000000111111100000000000000000000000000000
0000000000000000000000000001111100000000000000000000000011111100000000000000000000000000000
0000000000000000000000000011111100000000000000000000000011111111100000000000000000000000000
0000000000000000000000000011111110000000000000000000000011111110000000000000000000000000000
0000000000000000000000000011111100000000000000000000000001111111011000000000000000000000000
0000000000000000000000000111111000000000000000000000000001111111110000000000000000000000000
0000000000000000000000000111111111000000000000000000000000111111100000000000000000000000000
0000000000000000000000000111111100000000000000000000000001111111101100000000000000000000000
0000000000000000000000001111111001100000000000000000000001111111111000000000000000000000000
0000000000000000000000011111111111000000000000000000000000111111110000000000000000000000000
0000000000000000000000011111111100000000000000000000000001111111110111000000000000000000000
0000000000000000000000011111111110000000000000000000000011111111111100000000000000000000000
0000000000000000000000111111111111000000000000000000000111111111111000100000000000000000000
0000000000000000000001011111111110000000000000000000000111111111111111100000000000000000000
0000000000000000000001111111110110000000000000000000001111111111111100000000000000000000000
0000000000000000000001111110111110000000000000000000001110111111011110000000000000000000000
0000000000000000000001100110110000000000000000000000000111111011001111000000000000000000000
0000000000000000000000000111000000000000000000000000000011111001100000000000000000000000000
0000000000000000000000000000000000000000000000000000000000001001000000000000000000000000000
0000000000000000000000000000000000000000000000000000000000001100000000000000000000000000000
0000000000000000000000000000000000000000000000000000000000000000000000000000000000000000000
0000000000000000000000000000000000000000000000000000000000000000000000000000000000000000000
0000000000000000000000000000000000000000000000000000000000000000000000000000000000000000000
0000000000000000000000000000000000000000000000000000000000000000000000000000000000000000000
0000000000000000000000000000000000000000000000000000000000000000000000000000000000000000000
0000000000000000000000000000000000000000000000000000000000000000000000000000000000000000000
0000000000000000000000000000000000000000000000000000000000000000000000000000000000000000000
0000000000000000000000000000000000000000000000000000000000000000000000000000000000000000000
0000000000000000000000000000000000000000000000000000000000000000000000000000000000000000000
0000000000000000000000000000000000000000000000000000000000000000000000000000000000000000000
0000000000000000000000000000000000000000000000000000000000000000000000000000000000000000000
0000000000000000000000000000000000000000000000000000000000000000000000000000000000000000000
0000000000000000000000000000000000000000000000000000000000000000000000000000000000000000000
0000000000000000000000000000000000000000000000000000000000000000000000000000000000000000000
0000000000000000000000000000000000000000000000000000000000000000000000000000000000000000000
0000000000000000000000000000000000000000000000000000000000000000000000000000000000000000000
0000000000000000000000000000000000000000000000000000000000000000000000000000000000000000000
0000000000000000000000000000000000000000000000000000000000000000000000000000000000000000000
0000000000000000000000000000000000000000000000000000000000000000000000000000000000000000000