0000000000000000000000000111111111111111111111111111111111111111111000000000000000000000000
0000000000000000000000000111111111111111111111111111111111111111111000000000000000000000000
0000000000000000000000011111111111111111111111111111111111111111111000000000000000000000000
0000000000000000000000000111111111111111111111111111111111111111111000000000000000000000000
0000000000000000000000011111111111111111111111111111111111111111111000000000000000000000000
0000000000000000000000011111111111111111111111111111111111111111111000000000000000000000000
0000000000000000000000000011111111111111111111111111111111111111111000000000000000000000000
0000000000000000000000011111111111111111111111111111111111111111111000000000000000000000000
0000000000000000000000000011111111111111111111111111111111111111111000000000000000000000000
0000000000000000000000000011111111111111111111111111111111111111111000000000000000000000000
0000000000000000000000011111111111111111111111111111111111111111111000000000000000000000000
0000000000000000000000000011111111111111111111111111111111111111111000000000000000000000000
0000000000000000000000000011111111111111111111111111111111111111111000000000000000000000000
0000000000000000000000011111111111111111111111111111111111111111111000000000000000000000000
0000000000000000000000011011111111111111111111111111111111111111111000000000000000000000000
0000000000000000000000000011111111111111111111111111111111111111111000000000000000000000000
0000000000000000000000011111111111111111111111111111111111111111111000000000000000000000000
0000000000000000000000011111111111111111111111111111111111111111111000000000000000000000000
0000000000000000000000011111111111111111111111111111111111111111111000000000000000000000000
0000000000000000000000011111111111111111111111111111111111111111111000000000000000000000000
0000000000000000000000001111111111111111111111111111111111111111111000000000000000000000000
0000000000000000000000011111111111111111111111111111111111111111111000000000000000000000000
0000000000000000000000011111111111111111111111111111111111111111111000000000000000000000000
0000000000000000000000000011111111111111111111111111111111111111111000000000000000000000000
0000000000000000000000011111111111111111111111111111111111111111111000000000000000000000000
0000000000000000000000011111111111111111111111111111111111111111111000000000000000000000000
0000000000000000000000000011111111111111111111111111111111111111111000000000000000000000000
0000000000000000000000001111111111111111111111111111111111111111111000000000000000000000000
0000000000000000000000001111111111111111111111111111111111111111111000000000000000000000000
0000000000000000000000000001111111111111111111111111111111111111111000000000000000000000000
0000000000000000000000001111111111111111111111111111111111111111111000000000000000000000000
0000000000000000000000001111111111111111111111111111111111111111111000000000000000000000000
0000000000000000000000011111111111111111111111111111111111111111111000000000000000000000000
0000000000000000000000001111111111111111111111111111111111111111111000000000000000000000000
0000000000000000000000001111111111111111111111111111111111111111111000000000000000000000000
0000000000000000000001111111111111111111111111111111111111111111111000000000000000000000000
0000000000000000000000001111111111111111111111111111111111111111111000000000000000000000000
0000000000000000000000001111111111111111111111111111111111111111111000000000000000000000000
0000000000000000000000001111111111111111111111111111111111111111111000000000000000000000000
0000000000000000000000001111111111111111111111111111111111111111111000000000000000000000000
0000000000000000000000001111111111111111111111111111111111111111111000000000000000000000000
0000000000000000000000001111111111111111111111111111111111111111111000000000000000000000000
0000000000000000000000001111111111111111111111111111111111111111111000000000000000000000000
0000000000000000000000000001111111111111111111111111111111111111111000000000000000000000000
0000000000000000000000001111111111111111111111111111111111111111111000000000000000000000000
0000000000000000000000001111111111111111111111111111111111111111111000000000000000000000000
0000000000000000000000001111111111111111111111111111111111111111111000000000000000000000000
0000000000000000000000001111111111111111111111111111111111111111111000000000000000000000000
0000000000000000000000001111111111111111111111111111111111111111111000000000000000000000000
0000000000000000000000000111111111111111111111111111111111111111111000000000000000000000000
0000000000000000000000000111111111111111111111111111111111111111111000000000000000000000000
0000000000000000000000000111111111111111111111111111111111111111111000000000000000000000000
0000000000000000000000000111111111111111111111111111111111111111111000000000000000000000000
0000000000000000000000000111111111111111111111111111111111111111111000000000000000000000000
0000000000000000000000000110111111111111111111111111111111111111111000000000000000000000000
0000000000000000000000000111111111111111111111111111111111111111111000000000000000000000000
0000000000000000000000000111111111111111111111111111111111111111111000000000000000000000000
0000000000000000000000000111111111111111111111111111111111111111111000000000000000000000000
0000000000000000000000111111111111111111111111111111111111111111111000000000000000000000000
0000000000000000000000000111111111111111111111111111111111111111111000000000000000000000000
0000000000000000000000000111111111111111111111111111111111111111111000000000000000000000000
0000000000000000000000111111111111111111111111111111111111111111111000000000000000000000000
0000000000000000000000000111111111111111111111111111111111111111111000000000000000000000000
0000000000000000000000111111111111111111111111111111111111111111111000000000000000000000000
0000000000000000000000111111111111111111111111111111111111111111111000000000000000000000000
0000000000000000000000000111111111111111111111111111111111111111111000000000000000000000000
0000000000000000000000111111111111111111111111111111111111111111111000000000000000000000000
0000000000000000000000000111111111111111111111111111111111111111111000000000000000000000000
0000000000000000000000000111111111111111111111111111111111111111111000000000000000000000000
0000000000000000000000000111111111111111111111111111111111111111111000000000000000000000000
0000000000000000000000000111111111111111111111111111111111111111111000000000000000000000000
0000000000000000000000000011111111111111111111111111111111111111111000000000000000000000000
0000000000000000000000000111111111111111111111111111111111111111111000000000000000000000000
0000000000000000000000000011111111111111111111111111111111111111111000000000000000000000000
0000000000000000000000000001111111111111111111111111111111111111111000000000000000000000000
0000000000000000000000000011111111111111111111111111111111111111111000000000000000000000000
0000000000000000000000000011111111111111111111111111111111111111111000000000000000000000000
0000000000000000000000000011111111111111111111111111111111111111111000000000000000000000000
0000000000000000000000000011111111111111111111111111111111111111111000000000000000000000000
0000000000000000000000000000011111111111111111111111111111111111111000000000000000000000000
0000000000000000000000000011111111111111111111111111111111111111111000000000000000000000000
0000000000000000000000000011111111111111111111111111111111111111111000000000000000000000000
0000000000000000000000000000011111111111111111111111111111111111111000000000000000000000000
0000000000000000000000000011111111111111111111111111111111111111111000000000000000000000000
0000000000000000000000000011111111111111111111111111111111111111111000000000000000000000000
0000000000000000000000000011011111111111111111111111111111111111111000000000000000000000000
0000000000000000000000000011111111111111111111111111111111111111111000000000000000000000000
0000000000000000000000000011111111111111111111111111111111111111111000000000000000000000000
0000000000000000000000000011111111111111111111111111111111111111111000000000000000000000000
0000000000000000000000011111111111111111111111111111111111111111111000000000000000000000000
0000000000000000000000000011111111111111111111111111111111111111111000000000000000000000000
0000000000000000000000001111111111111111111111111111111111111111111000000000000000000000000
0000000000000000000000011111111111111111111111111111111111111111111000000000000000000000000
0000000000000000000000000011111111111111111111111111111111111111111000000000000000000000000
0000000000000000000000001111111111111111111111111111111111111111111000000000000000000000000
0000000000000000000000001111111111111111111111111111111111111111111000000000000000000000000
0000000000000000000000000011111111111111111111111111111111111111111000000000000000000000000
0000000000000000000000001111111111111111111111111111111111111111111000000000000000000000000
0000000000000000000000001111111111111111111111111111111111111111111000000000000000000000000
0000000000000000000000001101111111111111111111111111111111111111111000000000000000000000000
0000000000000000000000001111111111111111111111111111111111111111111000000000000000000000000
0000000000000000000000001111111111111111111111111111111111111111111000000000000000000000000
0000000000000000000000001111111111111111111111111111111111111111111000000000000000000000000
0000000000000000000000001111111111111111111111111111111111111111111000000000000000000000000
0000000000000000000000001111111111111111111111111111111111111111111000000000000000000000000
0000000000000000000000001111111111111111111111111111111111111111111000000000000000000000000
0000000000000000000000001111111111111111111111111111111111111111111000000000000000000000000
0000000000000000000000001111111111111111111111111111111111111111111000000000000000000000000
0000000000000000000001111111111111111111111111111111111111111111111000000000000000000000000
0000000000000000000000001111111111111111111111111111111111111111111000000000000000000000000
0000000000000000000000001111111111111111111111111111111111111111111000000000000000000000000
0000000000000000000001111111111111111111111111111111111111111111111000000000000000000000000
0000000000000000000000001111111111111111111111111111111111111111111000000000000000000000000
0000000000000000000000001111111111111111111111111111111111111111111000000000000000000000000
0000000000000000000000111111111111111111111111111111111111111111111000000000000000000000000
0000000000000000000000001111111111111111111111111111111111111111111000000000000000000000000
0000000000000000000000001111111111111111111111111111111111111111111000000000000000000000000