0000000000000000000000000000000000000000000000000000000000000000000000000000000000000000000
0000000000000000000000000000000000000000000000000000000000000000000000000000000000000000000
0000000000000000000000000000000000000000000000000000000000000000000000000000000000000000000
0000000000000000000000000000000000000000000000000000000000000000000000000000000000000000000
0000000000000000000000000000000000000000000000000000000000000000000000000000000000000000000
0000000000000000000000000000000000000000000000000000000000000000000000000000000000000000000
0000000000000000000000000000000000000000000000000000000000000000000000000000000000000000000
0000000000000000000000000000000000000000000000000000000000000000000000000000000000000000000
0000000000000000000000000000000000000000000000000000000000000000000000000000000000000000000
0000000000000000000000000000000000000000000000000000000000000000000000000000000000000000000
0000000000000000000000000000000000000000000000000000000000000000000000000000000000000000000
0000000000000000000000000000000000000000000000000000000000000000000000000000000000000000000
0000000000000000000000000000000000000000000000000000000000000000000000000000000000000000000
0000000000000000000000000000000000000000000000000000000000000000000000000000000000000000000
0000000000000000000000000000000000000000000000000000000000000000000000000000000000000000000
0000000000000000000000000000000000000000000010010000000000000000000000000000000000000000000
0000000000000000000000000000000000000000000010010010000000000000000000000000000000000000000
0000000000000000000000000000000000000000000010010010000000000000000000000000000000000000000
0000000000000000000000000000000000000000011111111111100000000000000000000000000000000000000
0000000000000000000000000000000000000000011111111111100000000000000000000000000000000000000
0000000000000000000000000000000000011100011011111111110000000000000000000000000000000000000
0000000000000000000000000000000000011011111101100100111110000000000000000000000000000000000
0000000000000000000000000000000000010011111111101100111111000000000000000000000000000000000
0000000000000000000000000000000111110011111111101100111111010000000000000000000000000000000
0000000000000000000000000000000111111100100000000000011111110000000000000000000000000000000
0000000000000000000000000000000111011101100000000000001111111000000000000000000000000000000
0000000000000000000000000000111111011111100000000000000011111100000000000000000000000000000
0000000000000000000000000000110111111100000000000000001111111110000000000000000000000000000
0000000000000000000000000000000111111000000000000000000011111100000000000000000000000000000
0000000000000000000000000000111111111000000000000000000011111100000000000000000000000000000
0000000000000000000000000000111111001000000000000000000011111111100000000000000000000000000
0000000000000000000000000000000111111000000000000000000011111100000000000000000000000000000
0000000000000000000000000000111111111000000000000000000011111111000000000000000000000000000
0000000000000000000000000000111111000000000000000000000000011111100000000000000000000000000
0000000000000000000000000000000111111000000000000000000011111100000000000000000000000000000
0000000000000000000000000000111111111000000000000000000000111111100000000000000000000000000
0000000000000000000000000000111111000000000000000000000000011111100000000000000000000000000
0000000000000000000000000000000111111000000000000000000011111100000000000000000000000000000
0000000000000000000000000000110111111000000000000000000000011111100000000000000000000000000
0000000000000000000000000000111111100000000000000000000000011111100000000000000000000000000
0000000000000000000000000000000111111000000000000000000011111100000000000000000000000000000
0000000000000000000000000000100111111000000000000000000000011111100000000000000000000000000
0000000000000000000000000000111111111000000000000000000000011111100000000000000000000000000
0000000000000000000000000000000111111000000000000000000011111100000000000000000000000000000
0000000000000000000000000000000111111000000000000000000000011111100000000000000000000000000
0000000000000000000000000001111111111000000000000000000000011111100000000000000000000000000
0000000000000000000000000000000111111000000000000000000111111110000000000000000000000000000
0000000000000000000000000000001111111000000000000000000000111111100000000000000000000000000
0000000000000000000000000001111111111000000000000000000000111111100000000000000000000000000
0000000000000000000000000000001111111000000000000000000111111111100000000000000000000000000
0000000000000000000000000000001111111000000000000000000000111111100000000000000000000000000
0000000000000000000000000001111111111000000000000000000000111111000000000000000000000000000
0000000000000000000000000000001111110000000000000000000111111111000000000000000000000000000
0000000000000000000000000000001111111100000000000000000000111111000000000000000000000000000
0000000000000000000000000001111111110000000000000000000000111111000000000000000000000000000
0000000000000000000000000000001111110000000000000000000111111111000000000000000000000000000
0000000000000000000000000000001111111100000000000000000000111111000000000000000000000000000
0000000000000000000000000001111111110000000000000000000000111111000000000000000000000000000
0000000000000000000000000000001111110000000000000000000111111111000000000000000000000000000
0000000000000000000000000000001111111110000000000000000000111111000000000000000000000000000
0000000000000000000000000001111111110000000000000000000000111111000000000000000000000000000
0000000000000000000000000000001111110000000000000000000111111111000000000000000000000000000
0000000000000000000000000000001111111110000000000000000000111111000000000000000000000000000
0000000000000000000000000001111111110000000000000000000000111111000000000000000000000000000
0000000000000000000000000000001111110000000000000000000011111111000000000000000000000000000
0000000000000000000000000000001111110000000000000000000000111111000000000000000000000000000
0000000000000000000000000001111111110000000000000000000000111111000000000000000000000000000
0000000000000000000000000000001111110000000000000000000000111111000000000000000000000000000
0000000000000000000000000000001111110000000000000000000000111111000000000000000000000000000
0000000000000000000000000000011111110000000000000000000000111111000000000000000000000000000
0000000000000000000000000000001111110000000000000000000001111111111000000000000000000000000
0000000000000000000000000000011111110000000000000000000001111111000000000000000000000000000
0000000000000000000000000000011111110000000000000000000001111111000000000000000000000000000
0000000000000000000000000000011111110000000000000000000001111111111000000000000000000000000
0000000000000000000000000000011111110000000000000000000001111111000000000000000000000000000
0000000000000000000000000000011111110000000000000000000001111110000000000000000000000000000
0000000000000000000000000000011111100000000000000000000001111111111000000000000000000000000
0000000000000000000000000000011111111000000000000000000001111110000000000000000000000000000
0000000000000000000000000000011111100000000000000000000001111110000000000000000000000000000
0000000000000000000000000000011111100000000000000000000001111111110000000000000000000000000
0000000000000000000000000000000111111100000000000000000001111110000000000000000000000000000
0000000000000000000000000000011111101100000000000000000001111110000000000000000000000000000
0000000000000000000000000000011111100000000000000000000001101111110000000000000000000000000
0000000000000000000000000000000011111100000000000000000001111110000000000000000000000000000
0000000000000000000000000000011111111100000000000000000001111110000000000000000000000000000
0000000000000000000000000000011111100000000000000000000001001111110000000000000000000000000
0000000000000000000000000000000011111100000000000000000001111110000000000000000000000000000
0000000000000000000000000000011111111100000000000000000001111110000000000000000000000000000
0000000000000000000000000000011111110000000000000000000000001110000000000000000000000000000
0000000000000000000000000000000011111100000000000000000001110110000000000000000000000000000
0000000000000000000000000000011111111100000000000000000001111110000000000000000000000000000
0000000000000000000000000000000111111100000000000000000001101110000000000000000000000000000
0000000000000000000000000000000011111100000000000000000001110000000000000000000000000000000
0000000000000000000000000000000011111110000000000000000001110110000000000000000000000000000
0000000000000000000000000000000011111110000000000000000011111110000000000000000000000000000
0000000000000000000000000000000001111111000000000000000000010000000000000000000000000000000
0000000000000000000000000000000000111111100000000000000000000000000000000000000000000000000
0000000000000000000000000000000000111111111010000000000000000000000000000000000000000000000
0000000000000000000000000000000000011111111010000000000000000000000000000000000000000000000
0000000000000000000000000000000000001111111110010000000000000000000000000000000000000000000
0000000000000000000000000000000000000101101111110000000000000000000000000000000000000000000
0000000000000000000000000000000000000101101111111000000000000000000000000000000000000000000
0000000000000000000000000000000000000001101101111100000000000000000000000000000000000000000
0000000000000000000000000000000000000000000000100100000000000000000000000000000000000000000
0000000000000000000000000000000000000000000000000100000000000000000000000000000000000000000
0000000000000000000000000000000000000000000000000100000000000000000000000000000000000000000
0000000000000000000000000000000000000000000000000100000000000000000000000000000000000000000
0000000000000000000000000000000000000000000000000000000000000000000000000000000000000000000
0000000000000000000000000000000000000000000000000000000000000000000000000000000000000000000
0000000000000000000000000000000000000000000000000000000000000000000000000000000000000000000
0000000000000000000000000000000000000000000000000000000000000000000000000000000000000000000
0000000000000000000000000000000000000000000000000000000000000000000000000000000000000000000
0000000000000000000000000000000000000000000000000000000000000000000000000000000000000000000
0000000000000000000000000000000000000000000000000000000000000000000000000000000000000000000
0000000000000000000000000000000000000000000000000000000000000000000000000000000000000000000
0000000000000000000000000000000000000000000000000000000000000000000000000000000000000000000
0000000000000000000000000000000000000000000000000000000000000000000000000000000000000000000