0000000000000000000000000000000000000000000000000000000000000000000000000000000000000000000
0000000000000000000000000000000000000000000000000000000000000000000000000000000000000000000
0000000000000000000000000000000000000000000000000000000000000000000000000000000000000000000
0000000000000000000000000000000000000000000000000000000000000000000000000000000000000000000
0000000000000000000000000000000000000000000000000000000000000000000000000000000000000000000
0000000000000000000000000000000000000000000000110100000000000000000000000000000000000000000
0000000000000000000000000000000000000000000000100110100110000000000000000000000000000000000
0000000000000000000000000000000000000000000000100110110100100000000000000000000000000000000
0000000000000000000000000000000000000000001111111110110100100000000000000000000000000000000
0000000000000000000000000000000000000000001110111111111110100000000000000000000000000000000
0000000000000000000000000000000000000000001101111111111111111110100000000000000000000000000
0000000000000000000000000000000000000001111111111111111111111110100000000000000000000000000
0000000000000000000000000000000000000001101111111111111111111111100000000000000000000000000
0000000000000000000000000000000000001000001111111111111111111111100100000000000000000000000
0000000000000000000000000000000000011101111111111111111111111111111100000000000000000000000
0000000000000000000000000000000000010001111111111111111111111111111110000000000000000000000
0000000000000000000000000000000000010011111111111111111111111111111111000000000000000000000
0000000000000000000000000000000000011111111111111111111111111111111111000000000000000000000
0000000000000000000000000000000000011111111111111111111111111111111111100000000000000000000
0000000000000000000000000000000011111111111111111111111111111111111111110000000000000000000
0000000000000000000000000000000000011111111111111111111111111111111111110000000000000000000
0000000000000000000000000000000000011111111111111100011111111111111111111000000000000000000
0000000000000000000000000000000111011111111111111100111111111111111111110000000000000000000
0000000000000000000000000000000111111111111111111100100111111111111111111100000000000000000
0000000000000000000000000000000000111111111111100000100111111111111111110000000000000000000
0000000000000000000000000000000110111111111111100000000011111111111111111100000000000000000
0000000000000000000000000000000111111111111111100000000011111111111111111110000000000000000
0000000000000000000000000000000111111111111000000000000000111111111111110000000000000000000
0000000000000000000000000000000100111111111000000000000000111111111111111110000000000000000
0000000000000000000000000000000111111111011000000000000000011111111111111110000000000000000
0000000000000000000000000000001111111111111000000000000000001111111111110000000000000000000
0000000000000000000000000001111100111111111000000000000000001111111111111110000000000000000
0000000000000000000000000000001111111111111000000000000000001111111111111100000000000000000
0000000000000000000000000000001111111111000000000000000000000011111111100000000000000000000
0000000000000000000000000001111111111111111000000000000000000011111111111100000000000000000
0000000000000000000000000001101111111111111000000000000000000011111111111100000000000000000
0000000000000000000000000000001111111110000000000000000000000111111111100000000000000000000
0000000000000000000000000001101111111111110000000000000000000111111111111100000000000000000
0000000000000000000000000011111111111111110000000000000000000111111111111100000000000000000
0000000000000000000000000000011111111110000000000000000000000111111111100000000000000000000
0000000000000000000000000010011111111110000000000000000000000111111111000000000000000000000
0000000000000000000000000011111111111111110000000000000000000111111111111000000000000000000
0000000000000000000000000011111111111110000000000000000000000111111111000000000000000000000
0000000000000000000000011110011111111100000000000000000000000111111111000000000000000000000
0000000000000000000000011011111111111111110000000000000001111111111111111000000000000000000
0000000000000000000000110011111111111100000000000000000000001111111111001000000000000000000
0000000000000000000000111011111111111100000000000000000000001111111111000000000000000000000
0000000000000000000000111111111111111111100000000000000001111111111111111000000000000000000
0000000000000000000000111111111111111100000000000000000001111111111111111000000000000000000
0000000000000000000111111111111111111100000000000000000000001111111110000000000000000000000
0000000000000000000000111111111111111111000000000000000001111111111111100000000000000000000
0000000000000000000000111111111111111100000000000000000001111111111111110000000000000000000
0000000000000000000111111111111111111000000000000000000000001111111110000000000000000000000
0000000000000000001111111111111111111000000000000000000011111111111110000000000000000000000
0000000000000000000001111111111111111000000000000000000011111111111111110000000000000000000
0000000000000000001111111111111111111000000000000000000011111111111110000000000000000000000
0000000000000000001111111111111111111000000000000000000011011111111110000000000000000000000
0000000000000000001111111111111111111111000000000000000011111111111111110000000000000000000
0000000000000001111111111111111111111110000000000000000011111111111100000000000000000000000
0000000000000000001111111111111111111110100000000000111110011111111100000000000000000000000
0000000000000000001111111111111111111110110000000000111011111111101100000000000000000000000
0000000000000011111111111111111111111111110000000000100111111111111100000000000000000000000
0000000000000000011111111111111111111111111000000000111111111111111100000000000000000000000
0000000000000000011111111111111111111111111000000000111111111111111100000000000000000000000
0000000000000000111111111111111111111111111110000000111111111111111100000000000000000000000
0000000000000000011111111111111111111111111111110111111111111111111100000000000000000000000
0000000000000000011111111111111111111111111111110111111111111111111000000000000000000000000
0000000000000000000111111111111111111111111111111111111111111111000000000000000000000000000
0000000000000000011111111111111111111111111111111111111111111111111000000000000000000000000
0000000000000000000111111111111111111111111111111111111111111111111000000000000000000000000
0000000000000000000011111111111111111111111111111111111111111111000000000000000000000000000
0000000000000000001111111111111111111111111111111111111111111111000000000000000000000000000
0000000000000000000111111111111111111111111111111111111111111111111000000000000000000000000
0000000000000000000111111111111111111111111111111111111111111111000000000000000000000000000
0000000000000000000111111111111111111111111111111111111111111110000000000000000000000000000
0000000000000000000111111111111111111111111111111111111111111110000000000000000000000000000
0000000000000000000111111111111111111111111111111111111111111110000000000000000000000000000
0000000000000000000111111111111111111111111111111111111111111110000000000000000000000000000
0000000000000000000111111111111111111111111111111111111111111110000000000000000000000000000
0000000000000000000111111111111111111111111111111111111111111110000000000000000000000000000
0000000000000000001111111111111111111111111111111111111111111110000000000000000000000000000
0000000000000000001111111111111111111111111111111111111111111110000000000000000000000000000
0000000000000000000011111111111111111111111111111111111111111100000000000000000000000000000
0000000000000000001101111111111111111111111111111111111111111100000000000000000000000000000
0000000000000000000111111111111111111111111111111111111111111100000000000000000000000000000
0000000000000000000001111111111111111111111111111111111111111100000000000000000000000000000
0000000000000000000001111111111111111111111111111111111111111100000000000000000000000000000
0000000000000000000001111111111111111111111111111111111111111100000000000000000000000000000
0000000000000000000001111111111111111111111111111111111111111100000000000000000000000000000
0000000000000000000001111111111111111111111111111111111111111100000000000000000000000000000
0000000000000000000001111111111111111111111111111111111111111100000000000000000000000000000
0000000000000000000000111111111111111111111111111111111111111000000000000000000000000000000
0000000000000000000000011111111111111111111111111111111111111000000000000000000000000000000
0000000000000000000000000111111111111111111111111111111111111000000000000000000000000000000
0000000000000000000000000111111111111111111111111111111111111000000000000000000000000000000
0000000000000000000000000001111111111111111111111111111111111000000000000000000000000000000
0000000000000000000000000001111111111111111111111111111111111110000000000000000000000000000
0000000000000000000000000000000101111111111111111111111111111111000000000000000000000000000
0000000000000000000000000000000101101110111111111111111111111000000000000000000000000000000
0000000000000000000000000000000101101101110110110111111111111111000000000000000000000000000
0000000000000000000000000000000000101101100110110110111110011111000000000000000000000000000
0000000000000000000000000000000000000000000110110110111111110000000000000000000000000000000
0000000000000000000000000000000000000000000000000010111111110000000000000000000000000000000
0000000000000000000000000000000000000000000000000000000010010000000000000000000000000000000
0000000000000000000000000000000000000000000000000000000000000000000000000000000000000000000
0000000000000000000000000000000000000000000000000000000000000000000000000000000000000000000
0000000000000000000000000000000000000000000000000000000000000000000000000000000000000000000
0000000000000000000000000000000000000000000000000000000000000000000000000000000000000000000
0000000000000000000000000000000000000000000000000000000000000000000000000000000000000000000
0000000000000000000000000000000000000000000000000000000000000000000000000000000000000000000
0000000000000000000000000000000000000000000000000000000000000000000000000000000000000000000
0000000000000000000000000000000000000000000000000000000000000000000000000000000000000000000
0000000000000000000000000000000000000000000000000000000000000000000000000000000000000000000
0000000000000000000000000000000000000000000000000000000000000000000000000000000000000000000
0000000000000000000000000000000000000000000000000000000000000000000000000000000000000000000
0000000000000000000000000000000000000000000000000000000000000000000000000000000000000000000
0000000000000000000000000000000000000000000000000000000000000000000000000000000000000000000