0000000000000000000000000000000000111100000000000000000000000000000000000000000000000000000
0000000000000000000000000000000000111011000000000000000000000000000000000000000000000000000
0000000000000000000000000000000000111111000000000000000000000000000000000000000000000000000
0000000000000000000000000000000000111110000000000000000000000000000000000000000000000000000
0000000000000000000000000000000000111110100000000000000000000000000000000000000000000000000
0000000000000000000000000000000000111111100000000000000000000000000000000000000000000000000
0000000000000000000000000000000000111111100000000000000000000000000000000000000000000000000
0000000000000000000000000000000000111111110000000000000000000000000000000000000000000000000
0000000000000000000000000000000000111111110000000000000000000000000000000000000000000000000
0000000000000000000000000000000000111111100000000000000000000000000000000000000000000000000
0000000000000000000000000000000000111111100000000000000000000000000000000000000000000000000
0000000000000000000000000000000000111111111000000000000000000000000000000000000000000000000
0000000000000000000000000000000000111111111000000000000000000000000000000000000000000000000
0000000000000000000000000000000000111111101100000000000000000000000000000000000000000000000
0000000000000000000000000000000000111111101100000000000000000000000000000000000000000000000
0000000000000000000000000000000000111111111001000000000000000000000000000000000000000000000
0000000000000000000000000000000000111111111111100000000000000000000000000000000000000000000
0000000000000000000000000000000000111111111111111000000000000000000000000000000000000000000
0000000000000000000000000000000000111111111111111000000000000000000000000000000000000000000
0000000000000000000000000000000000111111111111100000000000000000000000000000000000000000000
0000000000000000000000000000000000111111111111100000000000000000000000000000000000000000000
0000000000000000000000000000000000111111111110110000000000000000000000000000000000000000000
0000000000000000000000000000000000111111111110110000000000000000000000000000000000000000000
0000000000000000000000000000000000111111111111100000000000000000000000000000000000000000000
0000000000000000000000000000000000111111111111100000000000000000000000000000000000000000000
0000000000000000000000000000000000111111111111111000000000000000000000000000000000000000000
0000000000000000000000000000000000111111111111111000000000000000000000000000000000000000000
0000000000000000000000000000000000111111111111111110000000000000000000000000000000000000000
0000000000000000000000000000000000111111111111111110000000000000000000000000000000000000000
0000000000000000000000000000000000111111111111111011000000000000000000000000000000000000000
0000000000000000000000000000000000111111111111111111000000000000000000000000000000000000000
0000000000000000000000000000000000111111111111111110000000000000000000000000000000000000000
0000000000000000000000000000000000111111111111111110100000000000000000000000000000000000000
0000000000000000000000000000000000111111111111111111100000000000000000000000000000000000000
0000000000000000000000000000000000111111111111111111100000000000000000000000000000000000000
0000000000000000000000000000000000111111111111111110110000000000000000000000000000000000000
0000000000000000000000000000000000111111111111111110010000000000000000000000000000000000000
0000000000000000000000000000000000111111111111111100000000000000000000000000000000000000000
0000000000000000000000000000000000111111111111111000000000000000000000000000000000000000000
0000000000000000000000000000000000111111111111111100000000000000000000000000000000000000000
0000000000000000000000000000000000111111111111111100000000000000000000000000000000000000000
0000000000000000000000000000000000111111111111111000000000000000000000000000000000000000000
0000000000000000000000000000000000111111111111111000000000000000000000000000000000000000000
0000000000000000000000000000000000111111111111111100000000000000000000000000000000000000000
0000000000000000000000000000000000111111111111111100000000000000000000000000000000000000000
0000000000000000000000000000000000111111111111111011000000000000000000000000000000000000000
0000000000000000000000000000000000111111111111111011000000000000000000000000000000000000000
0000000000000000000000000000000000111111111111111110010000000000000000000000000000000000000
0000000000000000000000000000000000111111111111111111111000000000000000000000000000000000000
0000000000000000000000000000000000111111111111111111111100000000000000000000000000000000000
0000000000000000000000000000000000111111111111111111111100000000000000000000000000000000000
0000000000000000000000000000000000111111111111111111111011000000000000000000000000000000000
0000000000000000000000000000000000111111111111111111111011000000000000000000000000000000000
0000000000000000000000000000000000111111111111111111111110000000000000000000000000000000000
0000000000000000000000000000000000111111111111111111111110000000000000000000000000000000000
0000000000000000000000000000000000111111111111111111111111000000000000000000000000000000000
0000000000000000000000000000000000111111111111111111111111000000000000000000000000000000000
0000000000000000000000000000000000111111111111111111111110000000000000000000000000000000000
0000000000000000000000000000000000111111111111111111111110000000000000000000000000000000000
0000000000000000000000000000000000111111111111111111111011000000000000000000000000000000000
0000000000000000000000000000000000111111111111111111111111000000000000000000000000000000000
0000000000000000000000000000000000111111111111111111111110000000000000000000000000000000000
0000000000000000000000000000000000111111111111111111111110000000000000000000000000000000000
0000000000000000000000000000000000111111111111111111111111000000000000000000000000000000000
0000000000000000000000000000000000111111111111111111111111100000000000000000000000000000000
0000000000000000000000000000000000111111111111111111111110110000000000000000000000000000000
0000000000000000000000000000000000111111111111111111111110110000000000000000000000000000000
0000000000000000000000000000000000111111111111111111111111100000000000000000000000000000000
0000000000000000000000000000000000111111111111111111111111100000000000000000000000000000000
0000000000000000000000000000000000111111111111111111111111110000000000000000000000000000000
0000000000000000000000000000000000111111111111111111111111111000000000000000000000000000000
0000000000000000000000000000000000111111111111111111111111111110000000000000000000000000000
0000000000000000000000000000000000111111111111111111111111111110000000000000000000000000000
0000000000000000000000000000000000111111111111111111111111111011000000000000000000000000000
0000000000000000000000000000000000111111111111111111111111111011000000000000000000000000000
0000000000000000000000000000000000111111111111111111111111111110000000000000000000000000000
0000000000000000000000000000000000111111111111111111111111111110000000000000000000000000000
0000000000000000000000000000000000111111111111111111111111111111000000000000000000000000000
0000000000000000000000000000000000111111111111111111111111111111000000000000000000000000000
0000000000000000000000000000000000111111111111111111111111111110000000000000000000000000000
0000000000000000000000000000000000111111111111111111111111111110000000000000000000000000000
0000000000000000000000000000000000111111111111111111111111111000000000000000000000000000000
0000000000000000000000000000000000111111111111111111111111111000000000000000000000000000000
0000000000000000000000000000000000111111111111111111111111111100000000000000000000000000000
0000000000000000000000000000000000111111111111111111111111111100000000000000000000000000000
0000000000000000000000000000000000111111111111111111111111111011000000000000000000000000000
0000000000000000000000000000000000111111111111111111111111111111000000000000000000000000000
0000000000000000000000000000000000111111111111111111111111111110110000000000000000000000000
0000000000000000000000000000000000111111111111111111111111111110110000000000000000000000000
0000000000000000000000000000000000111111111111111111111111111111100000000000000000000000000
0000000000000000000000000000000000111111111111111111111111111111100000000000000000000000000
0000000000000000000000000000000000111111111111111111111111111110110000000000000000000000000
0000000000000000000000000000000000111111111111111111111111111110110000000000000000000000000
0000000000000000000000000000000000111111111111111111111111111111100000000000000000000000000
0000000000000000000000000000000000111111111111111111111111111111100000000000000000000000000
0000000000000000000000000000000000111111111111111111111111111111110000000000000000000000000
0000000000000000000000000000000000111111111111111111111111111111110000000000000000000000000
0000000000000000000000000000000000111111111111111111111111111111100000000000000000000000000
0000000000000000000000000000000000111111111111111111111111111111100000000000000000000000000
0000000000000000000000000000000000111111111111111111111111111111110000000000000000000000000
0000000000000000000000000000000000111111111111111111111111111111110000000000000000000000000
0000000000000000000000000000000000111111111111111111111111111111100000000000000000000000000
0000000000000000000000000000000000000000000000000000000000000000000000000000000000000000000
0000000000000000000000000000000000000000000000000000000000000000000000000000000000000000000
0000000000000000000000000000000000000000000000000000000000000000000000000000000000000000000
0000000000000000000000000000000000000000000000000000000000000000000000000000000000000000000
0000000000000000000000000000000000000000000000000000000000000000000000000000000000000000000
0000000000000000000000000000000000000000000000000000000000000000000000000000000000000000000
0000000000000000000000000000000000000000000000000000000000000000000000000000000000000000000
0000000000000000000000000000000000000000000000000000000000000000000000000000000000000000000
0000000000000000000000000000000000000000000000000000000000000000000000000000000000000000000
0000000000000000000000000000000000000000000000000000000000000000000000000000000000000000000
0000000000000000000000000000000000000000000000000000000000000000000000000000000000000000000
0000000000000000000000000000000000000000000000000000000000000000000000000000000000000000000
0000000000000000000000000000000000000000000000000000000000000000000000000000000000000000000
0000000000000000000000000000000000000000000000000000000000000000000000000000000000000000000
0000000000000000000000000000000000000000000000000000000000000000000000000000000000000000000