0000000000000000000000000000000000000000000000000000000000000000000000000000000000000000000
0000000000000000000000000000000000000000000000000000000000000000000000000000000000000000000
0000000000000000000000000000000000000000000000000000000000000000000000000000000000000000000
0000000000000000000000000000000000000000000000000000000000000000000000000000000000000000000
0000000000000000000000000000000000000000000000000000000000000000000000000000000000000000000
0000000000000000000000000000000000000000000000000000000000000000000000000000000000000000000
0000000000000000000000000000000000000000000000000000000000000000000000000000000000000000000
0000000000000000000000000000000000000000000000000000000000000000000000000000000000000000000
0000000000000000000000000000000000000000000000000000000000000000000000000000000000000000000
0000000000000000000000000000000000000000000000000000000000000000000000000000000000000000000
0000000000000000000000000000000000000000000000000000000000000000000000000000000000000000000
0000000000000000000000000000000000000000000000000000000000000000000000000000000000000000000
0000000000000000000000000000000000000000000000000000000000000000000000000000000000000000000
0000000000000000000000000000000000000000000000000000000000000000000000000000000000000000000
0000000000000000000000000000000000000000000000000000000000000000000000000000000000000000000
0000000000000000000000000000000000000000000000000000000000000000000000000000000000000000000
0000000000000000000000000000000000000000000000000000000000000000000000000000000000000000000
0000000000000000000000000000000000000000000000000000000000000000000000000000000000000000000
0000000000000000000000000000000000000000000000000000000000000000000000000000000000000000000
0000000000000000000000000000000000000000000000000000000000000000000000000000000000000000000
0000000000000000000000000000000000000000000000000000000000000000000000000000000000000000000
0000000000000000000000000000000000000000000000000000000000000000000000000000000000000000000
0000000000000000000000000000000000000000000000000000000000000000000000000000000000000000000
0000000000000000000000000000000000000000000000000000000000000000000000000000000000000000000
0000000000000000000000000000000000000000000000000000000000000000000000000000000000000000000
0000000000000000000000000000000000000000000000000000000000000000000000000000000000000000000
0000000000000000000000000000000000000000000000000000000000000000000000000000000000000000000
0100000000000000000000000000000000000000000000000000000000000000000000000000000000000000000
0110000000000000000000000000000000000000000000000000000000000000000000000000000000000000000
0111001000000000000000000000000000000000000000000000000000000000000000000000000000000000000
0111111000000000000000000000000000000000000000000000000000000000000000000000000000000000000
0111111110010000000000000000000000000000000000000000000000000000000000000000000000000000000
0111111111110000000000000000000000000000000000000000000000000000000000000000000000000000000
0111111111111110000000000000000000000000000000000000000000000000000000000000000000000000000
0111111111111111100000000000000000000000000000000000000000000000000000000000000000000000000
0111111111111111110000000000000000000000000000000000000000000000000000000000000000000000000
0111111111111111111000000000000000000000000000000000000000000000000000000000000000000000000
0111111111111111111100000000000000000000000000000000000000000000000000000000000000000000000
0111111111111111111111100000000000000000000000000000000000000000000000000000000000000000000
0111111111111111111111111110000000000000000000000000000000000000000000000000000000000000000
0111111111111111111111111111000000000000000000000000000000000000000000000000000000000000000
0111111111111111111111111111110000000000000000000000000000000000000000000000000000000000000
0111111111111111111111111111111110000000000000000000000000000000000000000000000000000000000
0111111111111111111111111111111110000000000000000000000000000000000000000000000000000000000
0111111111111111111111111111111111100000000000000000000000000000000000000000000000000000000
0111111111111111111111111111111111111110000000000000000000000000000000000000000000000000000
0111111111111111111111111111111111111111110000000000000000000000000000000000000000000000000
0111111111111111111111111111111111111111111000000000000000000000000000000000000000000000000
0111111111111111111111111111111111111111111110000000000000000000000000000000000000000000000
0111111111111111111111111111111111111111111111110000000000000000000000000000000000000000000
0111111011111111111111111111111111111111111111110000000000000000000000000000000000000000000
0000100000011011111111111111111111111111111111111110000000000000000000000000000000000000000
0000000000000111111111111111111111111111111111111001100000000000000000000000000000000000000
0000000000000000111111111111111111111111111111111111100000000000000000000000000000000000000
0000000000000000011111111111111111111111111111111111111111000000000000000000000000000000000
0000000000000000011111111111111111111111111111111111111111010000000000000000000000000000000
0000000000000000000000011111111111111111111111111111111111111100000000000000000000000000000
0000000000000000000000000011111111111111111111111111111111111110000000000000000000000000000
0000000000000000000000000011111111111111111111111111111111111111110000000000000000000000000
0000000000000000000000000000111111111111111111111111111111111111111100000000000000000000000
0000000000000000000000000000110111111111111111111111111111111111111100000000000000000000000
0000000000000000000000000000001111111111111111111111111111111111111111110000000000000000000
0000000000000000000000000000011111111111111111111111111111111111111111111110000000000000000
0000000000000000000000000000001011111111111111111111111111111111111111111101100000000000000
0000000000000000000000000000000111111111111111111111111111111111111111111111100000000000000
0000000000000000000000000000000110111111111111111111111111111111111111111111111110000000000
0000000000000000000000000000000001111111111111111111111111111111111111111111111111000000000
0000000000000000000000000000000000000001111111111111111111111111111111111111111111100000000
0000000000000000000000000000000000000000001010011111111111111111111111111111111111110000000
0000000000000000000000000000000000000000000000000011111111111111111111111111111111111111000
0000000000000000000000000000000000000000000000000001011111111111111111111111111111111111100
0000000000000000000000000000000000000000000000000000111111111111111111111111111111111111111
0000000000000000000000000000000000000000000000000000110111111111111111111111111111111111111
0000000000000000000000000000000000000000000000000000011111111111111111111111111111111111111
0000000000000000000000000000000000000000000000000000001001111111111111111111111111111111111
0000000000000000000000000000000000000000000000000000000111111011111111111111111111111111111
0000000000000000000000000000000000000000000000000000000000001101011101111111111111111111111
0000000000000000000000000000000000000000000000000000000000000000001011111111111111111111111
0000000000000000000000000000000000000000000000000000000000000000000111111111111111111111111
0000000000000000000000000000000000000000000000000000000000000000000000011111111111111111111
0000000000000000000000000000000000000000000000000000000000000000000000000010111111111111111
0000000000000000000000000000000000000000000000000000000000000000000000000000000111111111111
0000000000000000000000000000000000000000000000000000000000000000000000000000000001111111111
0000000000000000000000000000000000000000000000000000000000000000000000000000000000011111111
0000000000000000000000000000000000000000000000000000000000000000000000000000000000001111111
0000000000000000000000000000000000000000000000000000000000000000000000000000000000000111111
0000000000000000000000000000000000000000000000000000000000000000000000000000000000000001111
0000000000000000000000000000000000000000000000000000000000000000000000000000000000000000011
0000000000000000000000000000000000000000000000000000000000000000000000000000000000000000000
0000000000000000000000000000000000000000000000000000000000000000000000000000000000000000000
0000000000000000000000000000000000000000000000000000000000000000000000000000000000000000000
0000000000000000000000000000000000000000000000000000000000000000000000000000000000000000000
0000000000000000000000000000000000000000000000000000000000000000000000000000000000000000000
0000000000000000000000000000000000000000000000000000000000000000000000000000000000000000000
0000000000000000000000000000000000000000000000000000000000000000000000000000000000000000000
0000000000000000000000000000000000000000000000000000000000000000000000000000000000000000000
0000000000000000000000000000000000000000000000000000000000000000000000000000000000000000000
0000000000000000000000000000000000000000000000000000000000000000000000000000000000000000000
0000000000000000000000000000000000000000000000000000000000000000000000000000000000000000000
0000000000000000000000000000000000000000000000000000000000000000000000000000000000000000000
0000000000000000000000000000000000000000000000000000000000000000000000000000000000000000000
0000000000000000000000000000000000000000000000000000000000000000000000000000000000000000000
0000000000000000000000000000000000000000000000000000000000000000000000000000000000000000000
0000000000000000000000000000000000000000000000000000000000000000000000000000000000000000000
0000000000000000000000000000000000000000000000000000000000000000000000000000000000000000000
0000000000000000000000000000000000000000000000000000000000000000000000000000000000000000000
0000000000000000000000000000000000000000000000000000000000000000000000000000000000000000000
0000000000000000000000000000000000000000000000000000000000000000000000000000000000000000000
0000000000000000000000000000000000000000000000000000000000000000000000000000000000000000000
0000000000000000000000000000000000000000000000000000000000000000000000000000000000000000000
0000000000000000000000000000000000000000000000000000000000000000000000000000000000000000000
0000000000000000000000000000000000000000000000000000000000000000000000000000000000000000000
0000000000000000000000000000000000000000000000000000000000000000000000000000000000000000000
0000000000000000000000000000000000000000000000000000000000000000000000000000000000000000000
0000000000000000000000000000000000000000000000000000000000000000000000000000000000000000000
0000000000000000000000000000000000000000000000000000000000000000000000000000000000000000000
0000000000000000000000000000000000000000000000000000000000000000000000000000000000000000000