0000000000000000000000000000000000000000000000000000000000000000000000000000000000000000000
0000000000000000000000000000000000000000000000000000000000000000000000000000000000000000000
0000000000000000000000000000000000000000000000000000000000000000000000000000000000000000000
0000000000000000000000000000000000000000000000000000000000000000000000000000000000000000000
0000000000000000000000000000000000000000000000000000000000000000000000000000000000000000000
0000000000000000000000000000000000000000000000000000000000000000000000000000000000000000000
0000000000000000000000000000000000000000000000000000000000000000000000000000000000000000000
0000000000000000000000000000000000000000000000000000000000000000000000000000000000000000000
0000000000000000000000000000000000000000000000000000000000000000000000000000000000000000000
0000000000000000000000000000000000000000000000000000000000000000000000000000000000000000000
0000000000000000000000000000000000000000000000000000000000000000000000000000000000000000000
0000000000000000000000000000000000000000000000000000000000000000000000000000000000000000000
0000000000000000000000000000000000000000000000000000000000000000000000000000000000000000000
0000000000000000000000000000000000000000000000000000000000000000000000000000000000000000000
0000000000000000000000000000000000000000000000000000000000000000000000000000000000000000000
0000000000000000000000000000000000000000000000000000000000000000000000000000000000000000000
0000000000000000000000000000000000000000000000000000000000000000000000000000000000000000000
0000000000000000000000000000000000000000000000000000000000000000000000000000000000000000000
0000000000000000000000000000000000000000000000000000000000000000000000000000000000000000000
0000000000000000000000000000000000000000000000000000000000000000000000000000000000000000000
0000000000000000000000000000000000000000000000000000000000000000000000000000000000000000000
0000000000000000000000000000000000000000000000000000000000000000000000000000000000000000000
0000000000000000000000000000000000000000000000000000000000000000000000000000000000000000000
0000000000000000000000000000000000000000000000000000000000000000000000000000000000000000000
0000000000000000000000000000000000000000000000000000000000000000000000000000000000000000000
0000000000000000000000000000000000000000000000000000000000000000000000000000000000000000000
0000000000000000000000000000000000000000000000000000000000000000000000000000000000000000000
0000000000000000000000000000000000000000000000000000000000000000000000000000000000000000000
0000000000000000000000000000000000000000000000000000000000000000000000000000000000000000000
0000000000000000000000000000000000000000000000000000000000000000000000000000000000000000000
0000000000000000000000000000000000000000000000000000000000000000000000000000000000000000000
0000000000000000000000000000000000000000000000000000000000000000000000000000000000000000000
0000000000000000000000000000000000000000000000000000000000000000000000000000000000000000000
0000000000000000000000000000000000000000000000000000000000000000000000000000000000000000000
0000000000000000000000000000001000000000000000000000000000000000000000000000000000000000000
0000000000000000000000000000011111111000000000000000000000000000000000000000000000000000000
0000000000000000000000000011111111111111000000000000000000000000000000000000000000000000000
0000000000000000000000000011111111111111100000000000000000000000000000000000000000000000000
0000000000000000000000001111111111111111100000000000000100000000000000000000000000000000000
0000000000000000000000010111111111111111111000000000010110111111101100000000000000000000000
0000000000000000000000110111111111111111110011000000110011111111111000000000000000000000000
0000000000000000000000110111111111111111111110000011011111111111111111000000000000000000000
0000000000000000000000011111111111111111111111100111101111111111111110000000000000000000000
0000000000000000000000111111111111111111111111111111111111111111111100110000000000000000000
0000000000000000000001101111111111111111111111111111111111111111111111100000000000000000000
0000000000000000000000101111111111111111111111111111111111111111111111000000000000000000000
0000000000000000000000111111111111111111111111111111111111111111111111010000000000000000000
0000000000000000000000011111111111111111111111111111111111111111111111110000000000000000000
0000000000000000000000001111111111111111111111111111111111111111111111100000000000000000000
0000000000000000000000011111111111111111111111111111111111111111111110110000000000000000000
0000000000000000000000111111111111111111111111111111111111111111111110110000000000000000000
0000000000000000000000111111111111111111111111111111111111111111111111100000000000000000000
0000000000000000000000011111111111111111111111111111111111111111111111100000000000000000000
0000000000000000000000111111111111111111111111111111111111111111111101100000000000000000000
0000000000000000000001111111111111111111111111111111111111111111111111100000000000000000000
0000000000000000000000111111111111111111111111111111111111111111111111000000000000000000000
0000000000000000000000111111111111111111111111111111111111111111111111000000000000000000000
0000000000000000000001111111111111111111111111111111111111111111111011100000000000000000000
0000000000000000000011001111111111111111111111111111111111111111111111000000000000000000000
0000000000000000000000011111111111111111111111111111111111111111111110000000000000000000000
0000000000000000000000111111111111111111111111111111111111111111111010000000000000000000000
0000000000000000000000110111111111111111111111111111111111111111111011000000000000000000000
0000000000000000000000001111111111111111111111111111111111111111011010000000000000000000000
0000000000000000000000001111111111111111111111111111111111111111011100000000000000000000000
0000000000000000000000001111111111111111111111111111111111111111110000000000000000000000000
0000000000000000000000001111111111111111111111111111111111111111110000000000000000000000000
0000000000000000000000000011111111111111111111111111111111111110011000000000000000000000000
0000000000000000000000000011111111111111111111111111111111111111011000000000000000000000000
0000000000000000000000000111111111111111111111111111111111111111000000000000000000000000000
0000000000000000000000001100111111111111111111111111111111111111000000000000000000000000000
0000000000000000000000000001111111111111111111111111111111111100000000000000000000000000000
0000000000000000000000000011011111111111111111111111111111111000000000000000000000000000000
0000000000000000000000000010011111111111111111111111111111110000000000000000000000000000000
0000000000000000000000000001111111111111111111111111111111011000000000000000000000000000000
0000000000000000000000000000110111111111111111111111111111011100000000000000000000000000000
0000000000000000000000000000111111111111111111111111111111110000000000000000000000000000000
0000000000000000000000000000111111111111111111111111111111110000000000000000000000000000000
0000000000000000000000000000001111111111111111111111111110000000000000000000000000000000000
0000000000000000000000000000001111111111111111111111111111000000000000000000000000000000000
0000000000000000000000000000011111111111111111111111111001000000000000000000000000000000000
0000000000000000000000000000000011111111111111111111111001000000000000000000000000000000000
0000000000000000000000000000000111111111111111111111101100000000000000000000000000000000000
0000000000000000000000000000001101111111111111111111101000000000000000000000000000000000000
0000000000000000000000000000000000000000000000000000000000000000000000000000000000000000000
0000000000000000000000000000000000000000000000000000000000000000000000000000000000000000000
0000000000000000000000000000000000000000000000000000000000000000000000000000000000000000000
0000000000000000000000000000000000000000000000000000000000000000000000000000000000000000000
0000000000000000000000000000000000000000000000000000000000000000000000000000000000000000000
0000000000000000000000000000000000000000000000000000000000000000000000000000000000000000000
0000000000000000000000000000000000000000000000000000000000000000000000000000000000000000000
0000000000000000000000000000000000000000000000000000000000000000000000000000000000000000000
0000000000000000000000000000000000000000000000000000000000000000000000000000000000000000000
0000000000000000000000000000000000000000000000000000000000000000000000000000000000000000000
0000000000000000000000000000000000000000000000000000000000000000000000000000000000000000000
0000000000000000000000000000000000000000000000000000000000000000000000000000000000000000000
0000000000000000000000000000000000000000000000000000000000000000000000000000000000000000000
0000000000000000000000000000000000000000000000000000000000000000000000000000000000000000000
0000000000000000000000000000000000000000000000000000000000000000000000000000000000000000000
0000000000000000000000000000000000000000000000000000000000000000000000000000000000000000000
0000000000000000000000000000000000000000000000000000000000000000000000000000000000000000000
0000000000000000000000000000000000000000000000000000000000000000000000000000000000000000000
0000000000000000000000000000000000000000000000000000000000000000000000000000000000000000000
0000000000000000000000000000000000000000000000000000000000000000000000000000000000000000000
0000000000000000000000000000000000000000000000000000000000000000000000000000000000000000000
0000000000000000000000000000000000000000000000000000000000000000000000000000000000000000000
0000000000000000000000000000000000000000000000000000000000000000000000000000000000000000000
0000000000000000000000000000000000000000000000000000000000000000000000000000000000000000000
0000000000000000000000000000000000000000000000000000000000000000000000000000000000000000000
0000000000000000000000000000000000000000000000000000000000000000000000000000000000000000000
0000000000000000000000000000000000000000000000000000000000000000000000000000000000000000000
0000000000000000000000000000000000000000000000000000000000000000000000000000000000000000000
0000000000000000000000000000000000000000000000000000000000000000000000000000000000000000000
0000000000000000000000000000000000000000000000000000000000000000000000000000000000000000000
0000000000000000000000000000000000000000000000000000000000000000000000000000000000000000000
0000000000000000000000000000000000000000000000000000000000000000000000000000000000000000000
0000000000000000000000000000000000000000000000000000000000000000000000000000000000000000000
0000000000000000000000000000000000000000000000000000000000000000000000000000000000000000000