0000000000000000000000000000000000000000000000000000000000000000000000000000000000000000000
0000000000000000000000000000000000000000000000000000000000000000000000000000000000000000000
0000000000000000000000000000000000000000000000000000000000000000000000000000000000000000000
0000000000000000000000000000000000000000000000000000000000000000000000000000000000000000000
0000000000000000000000000000000000000000000000000000000000000000000000000000000000000000000
0000000000000000000000000000000000000000000000000000000000000000000000000000000000000000000
0000000000000000000000000000000000000000000000000000000000000000000000000000000000000000000
0000000000000000000000000000000000000000000000000000000000000000000000000000000000000000000
0000000000000000000000000000000000000000000000000000000000000000000000000000000000000000000
0000000000000000000000000000000000000000000000000000000000000000000000000000000000000000000
0000000000000000000000000000000000000000000000000000000000000000000000000000000000000000000
0000000000000000000000000000000000000000000000000000000000000000000000000000000000000000000
0000000000000000000000000000000000000000000000000000000000000000000000000000000000000000000
0000000000000000000000000000000000000000000000000000000000000000000000000000000000000000000
0000000000000000000000000000000101001001000000000000000000000001000000000000000000000000000
0000000000000000000000000000000101001001000000000000000000000001000010000000000000000000000
0000000000000000000000000000011111101001000000000000000000110101000010000000000000000000000
0000000000000000000000000011111111111111000000000000000000111111111111110000000000000000000
0000000000000000000000000000011111111100000000000000000000111111111111110000000000000000000
0000000000000000000000000011111111111110000000000000000000111111111110110000000000000000000
0000000000000000000000000011111111110110000000000000000000111111111111110000000000000000000
0000000000000000000000000000111111110010000000000000000000111111111111110000000000000000000
0000000000000000000000000111111111111110000000000000000000111111111110010000000000000000000
0000000000000000000000000111111111111000000000000000000111111111111111100000000000000000000
0000000000000000000000000000111111111000000000000000000000111111111110000000000000000000000
0000000000000000000000000111111111111110000000000000000001111111111111100000000000000000000
0000000000000000000000000000111111110000000000000000000111111111111110000000000000000000000
0000000000000000000000000000111111111100000000000000000001111111111100000000000000000000000
0000000000000000000000000000111111110100000000000000001111111111111100000000000000000000000
0000000000000000000000000001101111110000000000000000000001111111110000000000000000000000000
0000000000000000000000000001111111111100000000000000001111111111110000000000000000000000000
0000000000000000000000000001111111100100000000000000001111111111100000000000000000000000000
0000000000000000000000000001001111100000000000000000000111111111100000000000000000000000000
0000000000000000000000000001111111111100000000000000001111111111100000000000000000000000000
0000000000000000000000000000111111100000000000000000001111111111000000000000000000000000000
0000000000000000000000000001111111111100000000000000011111111111000000000000000000000000000
0000000000000000000000000001111111111100000000000001111111111100000000000000000000000000000
0000000000000000000000000000011111100000000000000000111111111100000000000000000000000000000
0000000000000000000000000001111111111000000000000001111111111100000000000000000000000000000
0000000000000000000000000011111111101000000000000001111111110000000000000000000000000000000
0000000000000000000000000010011111000000000000000111111111110000000000000000000000000000000
0000000000000000000000000011111111111000000000001111111111100000000000000000000000000000000
0000000000000000000000000000111111001000000000001111111111000000000000000000000000000000000
0000000000000000000000000011011111111000000000001111111111000000000000000000000000000000000
0000000000000000000000000011111111111000000000011111111110000000000000000000000000000000000
0000000000000000000000000000011111011000000001111111111000000000000000000000000000000000000
0000000000000000000000000011111111110000000001111111111000000000000000000000000000000000000
0000000000000000000000000011111111110000000011111111100000000000000000000000000000000000000
0000000000000000000000000000111111110000001111111111111000000000000000000000000000000000000
0000000000000000000000000111111111111110001111111111111000000000000000000000000000000000000
0000000000000000000000000001111111110010011111111111110000000000000000000000000000000000000
0000000000000000000000000000111111111001111111111111111000000000000000000000000000000000000
0000000000000000000000000111111111111111111111111111000000000000000000000000000000000000000
0000000000000000000000000000111111110111111111111111111000000000000000000000000000000000000
0000000000000000000000000000111111111111111111111111110000000000000000000000000000000000000
0000000000000000000000000111111111111111111111111111000000000000000000000000000000000000000
0000000000000000000000000001101111111111111111111111110000000000000000000000000000000000000
0000000000000000000000000001111111111111111111111111110000000000000000000000000000000000000
0000000000000000000000000001111111111111111111111111110000000000000000000000000000000000000
0000000000000000000000000001001111111111111111111111111110000000000000000000000000000000000
0000000000000000000000000001111111111111111111111111111110000000000000000000000000000000000
0000000000000000000000000000001111111111111111111111111100000000000000000000000000000000000
0000000000000000000000000001011111111111111111111111111100000000000000000000000000000000000
0000000000000000000000000001111111111111111111101111111100000000000000000000000000000000000
0000000000000000000000000000011111111111111111101101111111100000000000000000000000000000000
0000000000000000000000000011111111111111111111101111111111100000000000000000000000000000000
0000000000000000000000000011111111111111110000000001011101100000000000000000000000000000000
0000000000000000000000000000011111111111100000000011111111111000000000000000000000000000000
0000000000000000000000000011111111111111000000000011111111011000000000000000000000000000000
0000000000000000000000000000011111111110000000000000011011000000000000000000000000000000000
0000000000000000000000000000011111111110000000000000011111111000000000000000000000000000000
0000000000000000000000000011111111111110000000000000011111111000000000000000000000000000000
0000000000000000000000000000111111110000000000000000000111111000000000000000000000000000000
0000000000000000000000000010111111111110000000000000010111111110000000000000000000000000000
0000000000000000000000000011111111110000000000000000011111111110000000000000000000000000000
0000000000000000000000000000111111110000000000000000000100111100000000000000000000000000000
0000000000000000000000000000111111111110000000000000000111111110000000000000000000000000000
0000000000000000000000000000111111110000000000000000000011111110000000000000000000000000000
0000000000000000000000000000111111111110000000000000000001111111100000000000000000000000000
0000000000000000000000000000111111110100000000000000000111111111100000000000000000000000000
0000000000000000000000000000001111110000000000000000000001111110100000000000000000000000000
0000000000000000000000000001111111111100000000000000000001111111111100000000000000000000000
0000000000000000000000000001111111100100000000000000000001111111101100000000000000000000000
0000000000000000000000000001101111110000000000000000000000001111100100000000000000000000000
0000000000000000000000000001111111111100000000000000000001111111111100000000000000000000000
0000000000000000000000000000011111100100000000000000000001111111111000000000000000000000000
0000000000000000000000000001111111111100000000000000000000011111111000000000000000000000000
0000000000000000000000000001111111111100000000000000000000011111111111000000000000000000000
0000000000000000000000000000011111100100000000000000000000011111111011000000000000000000000
0000000000000000000000000001111111111000000000000000000000011111111100000000000000000000000
0000000000000000000000000001111111111000000000000000000000011111111111000000000000000000000
0000000000000000000000000011111111100000000000000000000000010111111111000000000000000000000
0000000000000000000000000011111111111000000000000000000000011111111111110000000000000000000
0000000000000000000000000011111111111000000000000000000000011111111111110000000000000000000
0000000000000000000000000111111111111000000000000000000000110111111110110000000000000000000
0000000000000000000000001111111111111000000000000000000000111111111111111100000000000000000
0000000000000000000000000011011111111000000000000000000000111111111111111100000000000000000
0000000000000000000000000011111111111100000000000000000000111111111111110000000000000000000
0000000000000000000000000011111111111000000000000000000000111111111111111100000000000000000
0000000000000000000000000011111111110000000000000000000000000111111111111100000000000000000
0000000000000000000000000011111111110000000000000000000000000101101101001100000000000000000
0000000000000000000000000000111111000000000000000000000000001101101011000000000000000000000
0000000000000000000000000000100000000000000000000000000000000000001010000000000000000000000
0000000000000000000000000000100000000000000000000000000000000000000000000000000000000000000
0000000000000000000000000000000000000000000000000000000000000000000000000000000000000000000
0000000000000000000000000000000000000000000000000000000000000000000000000000000000000000000
0000000000000000000000000000000000000000000000000000000000000000000000000000000000000000000
0000000000000000000000000000000000000000000000000000000000000000000000000000000000000000000
0000000000000000000000000000000000000000000000000000000000000000000000000000000000000000000
0000000000000000000000000000000000000000000000000000000000000000000000000000000000000000000
0000000000000000000000000000000000000000000000000000000000000000000000000000000000000000000
0000000000000000000000000000000000000000000000000000000000000000000000000000000000000000000
0000000000000000000000000000000000000000000000000000000000000000000000000000000000000000000
0000000000000000000000000000000000000000000000000000000000000000000000000000000000000000000
0000000000000000000000000000000000000000000000000000000000000000000000000000000000000000000
0000000000000000000000000000000000000000000000000000000000000000000000000000000000000000000
0000000000000000000000000000000000000000000000000000000000000000000000000000000000000000000