0000000000000000000000000000000000000001111111111111000000000000000000000000000000000000000
0000000000000000000000000000000000000000011111111111000000000000000000000000000000000000000
0000000000000000000000000000000000000001111111111111000000000000000000000000000000000000000
0000000000000000000000000000000000000001111111111111000000000000000000000000000000000000000
0000000000000000000000000000000000000000001111111111000000000000000000000000000000000000000
0000000000000000000000000000000000000001111111111111000000000000000000000000000000000000000
0000000000000000000000000000000000000001111111111111000000000000000000000000000000000000000
0000000000000000000000000000000000000000001111111111000000000000000000000000000000000000000
0000000000000000000000000000000000000001111111111111000000000000000000000000000000000000000
0000000000000000000000000000000000000001111111111111000000000000000000000000000000000000000
0000000000000000000000000000000000000000001111111111000000000000000000000000000000000000000
0000000000000000000000000000000000000001111111111111000000000000000000000000000000000000000
0000000000000000000000000000000000000001111111111111000000000000000000000000000000000000000
0000000000000000000000000000000000000000001111111111000000000000000000000000000000000000000
0000000000000000000000000000000000000001111111111111000000000000000000000000000000000000000
0000000000000000000000000000000000000001111111111111000000000000000000000000000000000000000
0000000000000000000000000000000000000000011111111111000000000000000000000000000000000000000
0000000000000000000000000000000000000001111111111111000000000000000000000000000000000000000
0000000000000000000000000000000000000001111111111111000000000000000000000000000000000000000
0000000000000000000000000000000000000001111111111111000000000000000000000000000000000000000
0000000000000000000000000000000000000001111111111111000000000000000000000000000000000000000
0000000000000000000000000000000000000001101111111111000000000000000000000000000000000000000
0000000000000000000000000000000000000001111111111111000000000000000000000000000000000000000
0000000000000000000000000000000000000001111111111111000000000000000000000000000000000000000
0000000000000000000000000000000000000001101111111111000000000000000000000000000000000000000
0000000000000000000000000000000000000001111111111111000000000000000000000000000000000000000
0000000000000000000000000000000000000000111111111111000000000000000000000000000000000000000
0000000000000000000000000000000000000000001111111111000000000000000000000000000000000000000
0000000000000000000000000000000000000000111111111111000000000000000000000000000000000000000
0000000000000000000000000000000000000111111111111111000000000000000000000000000000000000000
0000000000000000000000000000000000000111000111111111000000000000000000000000000000000000000
0000000000000000000000000000000000000000111111111111000000000000000000000000000000000000000
0000000000000000000000000000000000000111111111111111000000000000000000000000000000000000000
0000000000000000000000000000000000000110111111111111000000000000000000000000000000000000000
0000000000000000000000000000000000000000111111111111000000000000000000000000000000000000000
0000000000000000000000000000000000000111111111111111000000000000000000000000000000000000000
0000000000000000000000000000000000000000111111111111000000000000000000000000000000000000000
0000000000000000000000000000000000000000111111111111000000000000000000000000000000000000000
0000000000000000000000000000000000000111111111111111000000000000000000000000000000000000000
0000000000000000000000000000000000000000111111111111000000000000000000000000000000000000000
0000000000000000000000000000000000000000111111111111000000000000000000000000000000000000000
0000000000000000000000000000000000000111111111111111000000000000000000000000000000000000000
0000000000000000000000000000000000000000111111111111000000000000000000000000000000000000000
0000000000000000000000000000000000000111111111111111000000000000000000000000000000000000000
0000000000000000000000000000000000000111000111111111000000000000000000000000000000000000000
0000000000000000000000000000000000000000111111111111000000000000000000000000000000000000000
0000000000000000000000000000000000000111111111111111000000000000000000000000000000000000000
0000000000000000000000000000000000000011000111111111000000000000000000000000000000000000000
0000000000000000000000000000000000000000111111111111000000000000000000000000000000000000000
0000000000000000000000000000000000000000111111111111000000000000000000000000000000000000000
0000000000000000000000000000000000000011111111111111000000000000000000000000000000000000000
0000000000000000000000000000000000000000111111111111000000000000000000000000000000000000000
0000000000000000000000000000000000000000011111111111000000000000000000000000000000000000000
0000000000000000000000000000000000000011111111111111000000000000000000000000000000000000000
0000000000000000000000000000000000000000011111111111000000000000000000000000000000000000000
0000000000000000000000000000000000000000011111111111000000000000000000000000000000000000000
0000000000000000000000000000000000000011111111111111000000000000000000000000000000000000000
0000000000000000000000000000000000000010011111111111000000000000000000000000000000000000000
0000000000000000000000000000000000000000011111111111000000000000000000000000000000000000000
0000000000000000000000000000000000000011111111111111000000000000000000000000000000000000000
0000000000000000000000000000000000000011111111111111000000000000000000000000000000000000000
0000000000000000000000000000000000000011011111111111000000000000000000000000000000000000000
0000000000000000000000000000000000000011111111111111000000000000000000000000000000000000000
0000000000000000000000000000000000000011111111111111000000000000000000000000000000000000000
0000000000000000000000000000000000000011111111111111000000000000000000000000000000000000000
0000000000000000000000000000000000000011111111111111000000000000000000000000000000000000000
0000000000000000000000000000000000000011111111111111000000000000000000000000000000000000000
0000000000000000000000000000000000001111111111111111000000000000000000000000000000000000000
0000000000000000000000000000000000011011111111111111000000000000000000000000000000000000000
0000000000000000000000000000000000000011111111111111000000000000000000000000000000000000000
0000000000000000000000000000000000001111111111111111000000000000000000000000000000000000000
0000000000000000000000000000000000000011111111111111000000000000000000000000000000000000000
0000000000000000000000000000000000000011111111111111000000000000000000000000000000000000000
0000000000000000000000000000000000001111111111111111000000000000000000000000000000000000000
0000000000000000000000000000000000000001111111111111000000000000000000000000000000000000000
0000000000000000000000000000000000000001111111111111000000000000000000000000000000000000000
0000000000000000000000000000000000001111111111111111000000000000000000000000000000000000000
0000000000000000000000000000000000000001111111111111000000000000000000000000000000000000000
0000000000000000000000000000000000000001111111111111000000000000000000000000000000000000000
0000000000000000000000000000000000000001111111111111000000000000000000000000000000000000000
0000000000000000000000000000000000000001111111111111000000000000000000000000000000000000000
0000000000000000000000000000000000000001111111111111000000000000000000000000000000000000000
0000000000000000000000000000000000000001111111111111000000000000000000000000000000000000000
0000000000000000000000000000000000000001111111111111000000000000000000000000000000000000000
0000000000000000000000000000000000000001111111111111000000000000000000000000000000000000000
0000000000000000000000000000000000000001111111111111000000000000000000000000000000000000000
0000000000000000000000000000000000000001111111111111000000000000000000000000000000000000000
0000000000000000000000000000000000000001111111111111000000000000000000000000000000000000000
0000000000000000000000000000000000000001111111111111000000000000000000000000000000000000000
0000000000000000000000000000000000000000011111111111000000000000000000000000000000000000000
0000000000000000000000000000000000000001111111111111000000000000000000000000000000000000000
0000000000000000000000000000000000000001111111111111000000000000000000000000000000000000000
0000000000000000000000000000000000000000001111111111000000000000000000000000000000000000000
0000000000000000000000000000000000000001111111111111000000000000000000000000000000000000000
0000000000000000000000000000000000000001111111111111000000000000000000000000000000000000000
0000000000000000000000000000000000000000001111111111000000000000000000000000000000000000000
0000000000000000000000000000000000000001111111111111000000000000000000000000000000000000000
0000000000000000000000000000000000000001111111111111000000000000000000000000000000000000000
0000000000000000000000000000000000000001111111111111000000000000000000000000000000000000000
0000000000000000000000000000000000000001111111111111000000000000000000000000000000000000000
0000000000000000000000000000000000000000111111111111000000000000000000000000000000000000000
0000000000000000000000000000000000000000111111111111000000000000000000000000000000000000000
0000000000000000000000000000000000000000111111111111000000000000000000000000000000000000000
0000000000000000000000000000000000000000111111111111000000000000000000000000000000000000000
0000000000000000000000000000000000000000111111111111000000000000000000000000000000000000000
0000000000000000000000000000000000000000111111111111000000000000000000000000000000000000000
0000000000000000000000000000000000000000111111111111000000000000000000000000000000000000000
0000000000000000000000000000000000000000111111111111000000000000000000000000000000000000000
0000000000000000000000000000000000000000111111111111000000000000000000000000000000000000000
0000000000000000000000000000000000000000111111111111000000000000000000000000000000000000000
0000000000000000000000000000000000000000111111111111000000000000000000000000000000000000000
0000000000000000000000000000000000000000111111111111000000000000000000000000000000000000000
0000000000000000000000000000000000000000111111111111000000000000000000000000000000000000000
0000000000000000000000000000000000000000111111111111000000000000000000000000000000000000000
0000000000000000000000000000000000000000111111111111000000000000000000000000000000000000000
0000000000000000000000000000000000000111111111111111000000000000000000000000000000000000000
0000000000000000000000000000000000000000111111111111000000000000000000000000000000000000000