0000000000000000000000000000000000000000000000000000000000000000000000000000000000000000000
0000000000000000000000000000000000000000000000000000000000000000000000000000000000000000000
0000000000000000000000000000000000000000000000000000000000000000000000000000000000000000000
0000000000000000000000000000000000000000000000000000000000000000000000000000000000000000000
0000000000000000000000000000000000000000000000000000000000000000000000000000000000000000000
0000000000000000000000000000000000000000000000000000000000000000000000000000000000000000000
0000000000000000000000000000000000000000000000000000000000000000000000000000000000000000000
0000000000000000000000000000000000000000000000000000000000000000000000000000000000000000000
0000000000000000000000000000000000000000000000000000000000000000000000000000000000000000000
0000000000000000000000000000000000000000000000000000000000000000000000000000000000000000000
0000000000000000000000000000000000000000000000000000000000000000000000000000000000000000000
0000000000000000000000000000000000000000000000000000000000000000000000000000000000000000000
0000000000000000000000000000000000000000101000001000000000000000000000000000000000000000000
0000000000000000000000000000000000000001111011111110000000000000000000000000000000000000000
0000000000000000000000000000000000000111111111111111101100000000000000000000000000000000000
0000000000000000000000000000000000001111111111111111101100000000000000000000000000000000000
0000000000000000000000000000000000111111111111111111111100000000000000000000000000000000000
0000000000000000000000000000000011111111111111111111111111111000000000000000000000000000000
0000000000000000000000000000000011111111111111111111111111011000000000000000000000000000000
0000000000000000000000000000000011111111111111111111111111001000000000000000000000000000000
0000000000000000000000000000011111111111111111111111111111111110000000000000000000000000000
0000000000000000000000000000000011111111111111011011011111110110000000000000000000000000000
0000000000000000000000000000011111111111111101011011111111111110000000000000000000000000000
0000000000000000000000000000001111111111111000000011111111111111100000000000000000000000000
0000000000000000000000000000011111111111100000000000110111111110000000000000000000000000000
0000000000000000000000000000011111111111000000000000110111111111100000000000000000000000000
0000000000000000000000000000000111111110000000000000011111111111100000000000000000000000000
0000000000000000000000000000111111111110000000000000001101111100000000000000000000000000000
0000000000000000000000000000011111111110000000000000001111111111100000000000000000000000000
0000000000000000000000000000111111111000000000000000000011111101000000000000000000000000000
0000000000000000000000000000111111111100000000000000001001111111000000000000000000000000000
0000000000000000000000000000000111110000000000000000001111111111000000000000000000000000000
0000000000000000000000000000111111111100000000000000000011111011000000000000000000000000000
0000000000000000000000000000111111111100000000000000000011111111111000000000000000000000000
0000000000000000000000000000101111110000000000000000000011111111000000000000000000000000000
0000000000000000000000000001111111111100000000000000000011111111000000000000000000000000000
0000000000000000000000000000001111100100000000000000000011111111110000000000000000000000000
0000000000000000000000000001111111111100000000000000000000111110000000000000000000000000000
0000000000000000000000000001111111111000000000000000000011111111110000000000000000000000000
0000000000000000000000000000011111100000000000000000000111111111110000000000000000000000000
0000000000000000000000000001111111111000000000000000000110111110000000000000000000000000000
0000000000000000000000000000011111011000000000000000000111111111100000000000000000000000000
0000000000000000000000000010011111111000000000000000000000111110000000000000000000000000000
0000000000000000000000000011111111111000000000000000000111111111100000000000000000000000000
0000000000000000000000000000011111011000000000000000000111111111100000000000000000000000000
0000000000000000000000000000011111110000000000000000000001111100000000000000000000000000000
0000000000000000000000000000011111110000000000000000001111111111100000000000000000000000000
0000000000000000000000000000111111111000000000000000000001111101100000000000000000000000000
0000000000000000000000000000111111110000000000000000001101111111100000000000000000000000000
0000000000000000000000000000110111110000000000000000001111111111000000000000000000000000000
0000000000000000000000000000111111111100000000000000000001111100000000000000000000000000000
0000000000000000000000000000011111110100000000000000001111111111000000000000000000000000000
0000000000000000000000000000111111111000000000000000000011111111000000000000000000000000000
0000000000000000000000000000111111111100000000000000000011111111000000000000000000000000000
0000000000000000000000000000001111100000000000000000011111111111000000000000000000000000000
0000000000000000000000000001111111111100000000000000000011111011000000000000000000000000000
0000000000000000000000000000111111111100000000000000000011111111000000000000000000000000000
0000000000000000000000000001101111110000000000000000000011111110000000000000000000000000000
0000000000000000000000000001111111111000000000000000000111111110000000000000000000000000000
0000000000000000000000000000011111100000000000000000000111111111110000000000000000000000000
0000000000000000000000000001111111111000000000000000000000111110000000000000000000000000000
0000000000000000000000000001111111111000000000000000000111111111100000000000000000000000000
0000000000000000000000000010011111100000000000000000000111111110100000000000000000000000000
0000000000000000000000000011111111111000000000000000000101111110000000000000000000000000000
0000000000000000000000000000011111111000000000000000000111111111100000000000000000000000000
0000000000000000000000000011011111110000000000000000000001111100000000000000000000000000000
0000000000000000000000000011111111110000000000000000001111111111100000000000000000000000000
0000000000000000000000000000111111010000000000000000001111111111100000000000000000000000000
0000000000000000000000000011111111110000000000000000000001111100000000000000000000000000000
0000000000000000000000000000111111110000000000000000001111111111000000000000000000000000000
0000000000000000000000000000111111111100000000000000000001111111000000000000000000000000000
0000000000000000000000000111111111110100000000000000001111111111000000000000000000000000000
0000000000000000000000000000111111110000000000000000001111111111000000000000000000000000000
0000000000000000000000000000111111111100000000000000000011111000000000000000000000000000000
0000000000000000000000000000011111100000000000000000011111111111000000000000000000000000000
0000000000000000000000000001111111111000000000000000000011111111000000000000000000000000000
0000000000000000000000000001111111111100000000000000000011111111000000000000000000000000000
0000000000000000000000000000001111100000000000000000011111111110000000000000000000000000000
0000000000000000000000000001111111111000000000000000000111111110000000000000000000000000000
0000000000000000000000000000111111111000000000000000000111111111110000000000000000000000000
0000000000000000000000000001011111110000000000000000000011111110010000000000000000000000000
0000000000000000000000000001111111111000000000000000000111111110000000000000000000000000000
0000000000000000000000000000011111001000000000000000000111111111100000000000000000000000000
0000000000000000000000000011011111111000000000000000000101111110000000000000000000000000000
0000000000000000000000000001111111111000000000000000000111111111100000000000000000000000000
0000000000000000000000000000011111110000000000000000000111111101100000000000000000000000000
0000000000000000000000000011111111111110000000000000001111111110000000000000000000000000000
0000000000000000000000000000110111110010000000000000001111111111100000000000000000000000000
0000000000000000000000000000111111111100000000000000000001111100000000000000000000000000000
0000000000000000000000000000111111111100000000000000001111111111000000000000000000000000000
0000000000000000000000000000100111111100000000000000011111111111000000000000000000000000000
0000000000000000000000000000111111111111100000000000011111111100000000000000000000000000000
0000000000000000000000000000001111111111100000000000011111111111000000000000000000000000000
0000000000000000000000000000001111111100100000000001111111111000000000000000000000000000000
0000000000000000000000000000001111111111011010001111111111111110000000000000000000000000000
0000000000000000000000000000000011111111011010111111111111111000000000000000000000000000000
0000000000000000000000000000001011111111111110111111111111111000000000000000000000000000000
0000000000000000000000000000001111111111111111111111111111110000000000000000000000000000000
0000000000000000000000000000000000011111111111111111111111000000000000000000000000000000000
0000000000000000000000000000000010011111111111111111111111000000000000000000000000000000000
0000000000000000000000000000000011111111111111111111111100000000000000000000000000000000000
0000000000000000000000000000000000000101111111111111111000000000000000000000000000000000000
0000000000000000000000000000000000000101101101011111110000000000000000000000000000000000000
0000000000000000000000000000000000000111101111010010100000000000000000000000000000000000000
0000000000000000000000000000000000000000000011010110000000000000000000000000000000000000000
0000000000000000000000000000000000000000000000000000000000000000000000000000000000000000000
0000000000000000000000000000000000000000000000000000000000000000000000000000000000000000000
0000000000000000000000000000000000000000000000000000000000000000000000000000000000000000000
0000000000000000000000000000000000000000000000000000000000000000000000000000000000000000000
0000000000000000000000000000000000000000000000000000000000000000000000000000000000000000000
0000000000000000000000000000000000000000000000000000000000000000000000000000000000000000000
0000000000000000000000000000000000000000000000000000000000000000000000000000000000000000000
0000000000000000000000000000000000000000000000000000000000000000000000000000000000000000000
0000000000000000000000000000000000000000000000000000000000000000000000000000000000000000000
0000000000000000000000000000000000000000000000000000000000000000000000000000000000000000000
0000000000000000000000000000000000000000000000000000000000000000000000000000000000000000000
0000000000000000000000000000000000000000000000000000000000000000000000000000000000000000000