0000000000000000000000000000000000000000000000000000000000000000000000000000000000000000000
0000000000000000000000000000000000000000000000000000000000000000000000000000000000000000000
0000000000000000000000000000000000000000000000000000000000000000000000000000000000000000000
0000000000000000000000000000000000000000000000000000000000000000000000000000000000000000000
0000000000000000000000000000000000000000000000000000000000000000000000000000000000000000000
0000000000000000000000000000000000000000000000000000000000000000000000000000000000000000000
0000000000000000000000000000000000000000000000000000000000000000000000000000000000000000000
0000000000000000000000000000000000000000000000000000000000000000000000000000000000000000000
0000000000000000000000000000000000000000011000000000000000000000000000000000000000000000000
0000000000000000000000000000000000000000011011000000000000000000000000000000000000000000000
0000000000000000000000000000000000000000011101110000000000000000000000000000000000000000000
0000000000000000000000000000000000000000011111111000000000000000000000000000000000000000000
0000000000000000000000000000000000000001111111111110000000000000000000000000000000000000000
0000000000000000000000000000000000000001111111110000000000000000000000000000000000000000000
0000000000000000000000000000000000000001111111111110000000000000000000000000000000000000000
0000000000000000000000000000000000001111111111111111000000000000000000000000000000000000000
0000000000000000000000000000000000001101111111111000000000000000000000000000000000000000000
0000000000000000000000000000000000000001111111111111000000000000000000000000000000000000000
0000000000000000000000000000000000001111111111111111000000000000000000000000000000000000000
0000000000000000000000000000000000000111111111111000000000000000000000000000000000000000000
0000000000000000000000000000000000000110111111111111000000000000000000000000000000000000000
0000000000000000000000000000000000001111111111111111100000000000000000000000000000000000000
0000000000000000000000000000000000111111111111111100000000000000000000000000000000000000000
0000000000000000000000000000000000000111111111111111100000000000000000000000000000000000000
0000000000000000000000000000000000001111111111111111100000000000000000000000000000000000000
0000000000000000000000000000000000111111111111111100000000000000000000000000000000000000000
0000000000000000000000000000000000011011111111111111100000000000000000000000000000000000000
0000000000000000000000000000000000000111101111111111110000000000000000000000000000000000000
0000000000000000000000000000000000011111111111111111110000000000000000000000000000000000000
0000000000000000000000000000000000011111111111111111110000000000000000000000000000000000000
0000000000000000000000000000000000011111100001111111110000000000000000000000000000000000000
0000000000000000000000000000000011111111110000001111110000000000000000000000000000000000000
0000000000000000000000000000000011011111111101111111110000000000000000000000000000000000000
0000000000000000000000000000000000001110110001111111111111000000000000000000000000000000000
0000000000000000000000000000000001111111110000001111111000000000000000000000000000000000000
0000000000000000000000000000000001111111110011111111111111000000000000000000000000000000000
0000000000000000000000000000000001001110000000111111111111000000000000000000000000000000000
0000000000000000000000000000000011111110011000000111111000000000000000000000000000000000000
0000000000000000000000000000000001111111111000111111111111000000000000000000000000000000000
0000000000000000000000000000000001111111000000000111111111100000000000000000000000000000000
0000000000000000000000000000000001111011000000000111111100000000000000000000000000000000000
0000000000000000000000000000000111111111000000111111111111100000000000000000000000000000000
0000000000000000000000000000000100111111000000000011111111100000000000000000000000000000000
0000000000000000000000000000000001111000000000000011111100000000000000000000000000000000000
0000000000000000000000000000000111111111100000000011111111100000000000000000000000000000000
0000000000000000000000000000000111111111000000000011111111110000000000000000000000000000000
0000000000000000000000000000000110111100000000000011111110000000000000000000000000000000000
0000000000000000000000000000000011111101100000000011111111110000000000000000000000000000000
0000000000000000000000000000000011111111100000000001111111110000000000000000000000000000000
0000000000000000000000000000000011111100000000000001111110000000000000000000000000000000000
0000000000000000000000000000011111111100000000000001111111110000000000000000000000000000000
0000000000000000000000000000011111111111100000000001111111111000000000000000000000000000000
0000000000000000000000000000010011110010000000000000001111000000000000000000000000000000000
0000000000000000000000000000111111111110000000000001111111111000000000000000000000000000000
0000000000000000000000000000001111111110000000000000111111111000000000000000000000000000000
0000000000000000000000000000001111110000000000000000000111000000000000000000000000000000000
0000000000000000000000000000011111110010000000000000111111111000000000000000000000000000000
0000000000000000000000000001111111111110000000000000111111111000000000000000000000000000000
0000000000000000000000000001001111110000000000000000000111100000000000000000000000000000000
0000000000000000000000000000001111111000000000000000111111111100000000000000000000000000000
0000000000000000000000000001111111111000000000000000011111111100000000000000000000000000000
0000000000000000000000000000110111111000000000000000010011100000000000000000000000000000000
0000000000000000000000000000001111111000000000000011111111111100000000000000000000000000000
0000000000000000000000000000111111111110000000000011111111111100000000000000000000000000000
0000000000000000000000000000111111111111100000000011011111100110000000000000000000000000000
0000000000000000000000000000110111111111100000000011111111111110000000000000000000000000000
0000000000000000000000000111111111111111111011111111111111111110000000000000000000000000000
0000000000000000000000000110111111111111111111111101111111110110000000000000000000000000000
0000000000000000000000000000011111111111111111101101111111111110000000000000000000000000000
0000000000000000000000000011111111111111111111111111111111111110000000000000000000000000000
0000000000000000000000000011111111111111111111111111111111111111000000000000000000000000000
0000000000000000000000000010011111111111111111111111111111111111000000000000000000000000000
0000000000000000000000000111111111111111111111111111111111111111000000000000000000000000000
0000000000000000000000000011111111111111111111111111111111111111000000000000000000000000000
0000000000000000000000000011111111110111111111111111111111111111000000000000000000000000000
0000000000000000000000000011111111110110111111011111111111111111110000000000000000000000000
0000000000000000000000001111111111110110001001001111111111111111100000000000000000000000000
0000000000000000000000001001111110000000000001001011100111111111111100000000000000000000000
0000000000000000000000000011110110000000000000000000001111111111110000000000000000000000000
0000000000000000000000001111111111000000000000000000001111111111100000000000000000000000000
0000000000000000000000001111111110000000000000000000000011111111111100000000000000000000000
0000000000000000000000001001111011000000000000000000000011111111111000000000000000000000000
0000000000000000000000000111111111000000000000000000000000011111110010000000000000000000000
0000000000000000000000000111111111000000000000000000000011111111111110000000000000000000000
0000000000000000000000000111111011000000000000000000000011111111111000000000000000000000000
0000000000000000000000111111111111100000000000000000000000001111111110000000000000000000000
0000000000000000000000111111111111000000000000000000000001111111111110000000000000000000000
0000000000000000000000110111111111100000000000000000000001111111111100000000000000000000000
0000000000000000000000111111111111100000000000000000000001001111111111000000000000000000000
0000000000000000000000011111111111100000000000000000000001111111111111000000000000000000000
0000000000000000000000011111111101100000000000000000000001111111111111000000000000000000000
0000000000000000000000111111111101100000000000000000000000110111111011000000000000000000000
0000000000000000000011111111111101110000000000000000000001111111111111000000000000000000000
0000000000000000000001111111111100000000000000000000000000111111111110000000000000000000000
0000000000000000000000001111111110000000000000000000000000011111001100000000000000000000000
0000000000000000000000000111111111100000000000000000000000001001001100000000000000000000000
0000000000000000000000000111110010000000000000000000000000000001101100000000000000000000000
0000000000000000000000000000000000000000000000000000000000000000000000000000000000000000000
0000000000000000000000000000000000000000000000000000000000000000000000000000000000000000000
0000000000000000000000000000000000000000000000000000000000000000000000000000000000000000000
0000000000000000000000000000000000000000000000000000000000000000000000000000000000000000000
0000000000000000000000000000000000000000000000000000000000000000000000000000000000000000000
0000000000000000000000000000000000000000000000000000000000000000000000000000000000000000000
0000000000000000000000000000000000000000000000000000000000000000000000000000000000000000000
0000000000000000000000000000000000000000000000000000000000000000000000000000000000000000000
0000000000000000000000000000000000000000000000000000000000000000000000000000000000000000000
0000000000000000000000000000000000000000000000000000000000000000000000000000000000000000000
0000000000000000000000000000000000000000000000000000000000000000000000000000000000000000000
0000000000000000000000000000000000000000000000000000000000000000000000000000000000000000000
0000000000000000000000000000000000000000000000000000000000000000000000000000000000000000000
0000000000000000000000000000000000000000000000000000000000000000000000000000000000000000000
0000000000000000000000000000000000000000000000000000000000000000000000000000000000000000000
0000000000000000000000000000000000000000000000000000000000000000000000000000000000000000000
0000000000000000000000000000000000000000000000000000000000000000000000000000000000000000000
0000000000000000000000000000000000000000000000000000000000000000000000000000000000000000000
0000000000000000000000000000000000000000000000000000000000000000000000000000000000000000000
0000000000000000000000000000000000000000000000000000000000000000000000000000000000000000000