0000000000000000000000000000000000000000000000000000000000000000000000000000000000000000000
0000000000000000000000000000000000000000000000000000000000000000000000000000000000000000000
0000000000000000000000000000000000000000000000000000000000000000000000000000000000000000000
0000000000000000000000000000000000000000000000000000000000000000000000000000000000000000000
0000000000000000000000000000000000000000000000000000000000000000000000000000000000000000000
0000000000000000000000000000000000000000000000000000000000000000000000000000000000000000000
0000000000000000000000000000000000000000000000000000000000000000000000000000000000000000000
0000000000000000000000000000000000000000000000000000000000000000000000000000000000000000000
0000000000000000000000000000000000000000000000000000000000000000000000000000000000000000000
0000000000000000000000000000000000000000000000000000000000000000000000000000000000000000000
0000000000000000000000000000000000000000000000000000000000000000000000000000000000000000000
0000000000000000000000000000000000000000000000000000000000000000000000000000000000000000000
0000000000000000000000000000000000000000000000000000000000000000000000000000000000000000000
0000000000000000000000000000000000000000000000000000000000000000000000000000000000000000000
0000000000000000000000000000000000000000000000000000000000000000000000000000000000000000000
0000000000000000000000000000000000000000000000000000000000000000000000000000000000000000000
0000000000000000000000000000000000000000000000000000000000000000000000000000000000000000000
0000000000000000000000000000000000000000000000000000000000000000000000000000000000000000000
0000000000000000000000000000000000000000000000000000000000000000000000000000000000000000000
0000000000000000000000000000000000000000000000000000000000000000000000000000000000000000000
0000000000000000000000000000000000000000000000000000000000000000000000000000000000000000000
0000000000000000000000000000000000000000000000000000000000000000000000000000000000000000000
0000000000000000000000000000000000000000000000000000000000000000000000000000000000000000000
0000000000000000000000000000000000000000000000000000000000000000000000000000000000000000000
0000000000000000000000000000000000000000000000000000000000000000000000000000000000000000000
0000000000000000000000000000000000000000000000000000000000000000000000000000000000000000000
0000000000000000000000000000000000000000000000000000000000000000000000000000000000000000000
0000000000000000000000000000000000000000000000000000000000000000000000000000000000000000000
0000000000000000000000000000000111000000000000000000000000000000000000000000000000000000000
0000000000000000000000000000000100000000000000000000000000000000000000000000000000000000000
0000000000000000000000000000001100000000000000000000000000000000000000000000000000000000000
0000000000000000000000000000011111000000000000000000000000000000000000000000000000000000000
0000000000000000000000000000001100000000000000000000000000000000000000000000000000000000000
0000000000000000000000000000011110000000000000000000000000000000000000000000000000000000000
0000000000000000000000000000011111000000000000000000000000000000000000000000000000000000000
0000000000000000000000000000011110000000000000000000000000000000000000000000000000000000000
0000000000000000000000000000111110000000000000000000000000000000000000000000000000000000000
0000000000000000000000000000111111000000000000000000000000000000000000000000000000000000000
0000000000000000000000000001111111000000000000000000000000000000000000000000000000000000000
0000000000000000000000000000111111000100000000000000000000000000000000000000000000000000000
0000000000000000000000000011111111111100000000000000000000000000000000000000000000000000000
0000000000000000000000000111111111100100000000000000000000000000000000000000000000000000000
0000000000000000000000000011111111100100000000000000000000000000000000000000000000000000000
0000000000000000000000000111111111111110000000000000000000000000000000000000000000000000000
0000000000000000000000000111111111111110000000000000000000000000000000000000000000000000000
0000000000000000000000001111111111111111110000000000000000000000000000000000000000000000000
0000000000000000000000000111111111111110111000000000000000000000000000000000000000000000000
0000000000000000000000001111111111111111001111000000000000000010000000000000000000000000000
0000000000000000000000001101111111111111111011000000000000000011110000000000000000000000000
0000000000000000000000000111111111111111111001111100000000000110000000000000000000000000000
0000000000000000000000001111111111111111111111101100000000000110000000000000000000000000000
0000000000000000000000000110111111111111111111100001110000001111110000000000000000000000000
0000000000000000000000000000111111111111111111111110110000011111100000000000000000000000000
0000000000000000000000000111111111111111111111111110010010111111000000000000000000000000000
0000000000000000000000000110011111111111111111111110110111111111100000000000000000000000000
0000000000000000000000000000011111111101111111111111111111111111000000000000000000000000000
0000000000000000000000000011111111111111111101111111111011111111000000000000000000000000000
0000000000000000000000000011001111111111001111111111111111111110000000000000000000000000000
0000000000000000000000000000001111110001000111111111111111111111100000000000000000000000000
0000000000000000000000000001111111110000000110111111111111111100000000000000000000000000000
0000000000000000000000000001101111000000000000111111111111111100000000000000000000000000000
0000000000000000000000000000000111000000000000011011111111111111100000000000000000000000000
0000000000000000000000000000111111111000000000000011111111111110000000000000000000000000000
0000000000000000000000000000100111000000000000000011111111111110000000000000000000000000000
0000000000000000000000000000000111100000000000000001111111111111111000000000000000000000000
0000000000000000000000000000111111111100000000000001111111111111000000000000000000000000000
0000000000000000000000000000010011111100000000000001111111111111001000000000000000000000000
0000000000000000000000000000000011100010000000000001111111111111111100000000000000000000000
0000000000000000000000000000011111111110000000000000111111111111111100000000000000000000000
0000000000000000000000000000000001111110000000000000111111111111100100000000000000000000000
0000000000000000000000000000000001111111111000000000011111111111111100000000000000000000000
0000000000000000000000000000000001101111001000011000111111111111111110000000000000000000000
0000000000000000000000000000000000000111001111001100111111111111111010000000000000000000000
0000000000000000000000000000000000111110111011100101111111111111111110000000000000000000000
0000000000000000000000000000000000100110111101101111111111111001111110000000000000000000000
0000000000000000000000000000000000000011111111111111111101001101111100000000000000000000000
0000000000000000000000000000000000000011010011111111001001001110000000000000000000000000000
0000000000000000000000000000000000000000011111111001001101000000000000000000000000000000000
0000000000000000000000000000000000000000001101001001001100000000000000000000000000000000000
0000000000000000000000000000000000000000000001001001000000000000000000000000000000000000000
0000000000000000000000000000000000000000000001000000000000000000000000000000000000000000000
0000000000000000000000000000000000000000000000000000000000000000000000000000000000000000000
0000000000000000000000000000000000000000000000000000000000000000000000000000000000000000000
0000000000000000000000000000000000000000000000000000000000000000000000000000000000000000000
0000000000000000000000000000000000000000000000000000000000000000000000000000000000000000000
0000000000000000000000000000000000000000000000000000000000000000000000000000000000000000000
0000000000000000000000000000000000000000000000000000000000000000000000000000000000000000000
0000000000000000000000000000000000000000000000000000000000000000000000000000000000000000000
0000000000000000000000000000000000000000000000000000000000000000000000000000000000000000000
0000000000000000000000000000000000000000000000000000000000000000000000000000000000000000000
0000000000000000000000000000000000000000000000000000000000000000000000000000000000000000000
0000000000000000000000000000000000000000000000000000000000000000000000000000000000000000000
0000000000000000000000000000000000000000000000000000000000000000000000000000000000000000000
0000000000000000000000000000000000000000000000000000000000000000000000000000000000000000000
0000000000000000000000000000000000000000000000000000000000000000000000000000000000000000000
0000000000000000000000000000000000000000000000000000000000000000000000000000000000000000000
0000000000000000000000000000000000000000000000000000000000000000000000000000000000000000000
0000000000000000000000000000000000000000000000000000000000000000000000000000000000000000000
0000000000000000000000000000000000000000000000000000000000000000000000000000000000000000000
0000000000000000000000000000000000000000000000000000000000000000000000000000000000000000000
0000000000000000000000000000000000000000000000000000000000000000000000000000000000000000000
0000000000000000000000000000000000000000000000000000000000000000000000000000000000000000000
0000000000000000000000000000000000000000000000000000000000000000000000000000000000000000000
0000000000000000000000000000000000000000000000000000000000000000000000000000000000000000000
0000000000000000000000000000000000000000000000000000000000000000000000000000000000000000000
0000000000000000000000000000000000000000000000000000000000000000000000000000000000000000000
0000000000000000000000000000000000000000000000000000000000000000000000000000000000000000000
0000000000000000000000000000000000000000000000000000000000000000000000000000000000000000000
0000000000000000000000000000000000000000000000000000000000000000000000000000000000000000000
0000000000000000000000000000000000000000000000000000000000000000000000000000000000000000000
0000000000000000000000000000000000000000000000000000000000000000000000000000000000000000000
0000000000000000000000000000000000000000000000000000000000000000000000000000000000000000000
0000000000000000000000000000000000000000000000000000000000000000000000000000000000000000000
0000000000000000000000000000000000000000000000000000000000000000000000000000000000000000000
0000000000000000000000000000000000000000000000000000000000000000000000000000000000000000000
0000000000000000000000000000000000000000000000000000000000000000000000000000000000000000000
0000000000000000000000000000000000000000000000000000000000000000000000000000000000000000000