0000000000000000000000000000000000000000000000000000000000000000000000000000000000000000000
0000000000000000000000000000000000000000000000000000000000000000000000000000000000000000000
0000000000000000000000000000000000000000000000000000000000000000000000000000000000000000000
0000000000000000000000000000000000000000000000000000000000000000000000000000000000000000000
0000000000000000000000000000000000000000000000000000000000000000000000000000000000000000000
0000000000000000000000000000000000000000000000000000000000000000000000000000000000000000000
0000000000000000000000000000000000000000000000000000000000000000000000000000000000000000000
0000000000000000000000000000000000000000000000000000000000000000000000000000000000000000000
0000000000000000000000000000000000000000000000000000000000000000000000000000000000000000000
0000000000000000000000000000000000000000000000000000000000000000000000000000000000000000000
0000000000000000000000000000000000000000000000000000000000000000000000000000000000000000000
0000000000000000000000000000000000000000000000000000000000000000000000000000000000000000000
0000000000000000000000000000000000000000000000000000000000000000000000000000000000000000000
0000000000000000000000000000000000000000000000000000000000000000000000000000000000000000000
0000000000000000000000000000000000000000000000000000000000000000000000000000000000000000000
0000000000000000000000000000000000000000000000000000000000000000000000000000000000000000000
0000000000000000000000000000000000000000000000000000000000000000000000000000000000000000000
0000000000000000000000000000000000000000000000000000000000000000000000000000000000000000000
0000000000000000000000000000000000000000000000000000000000000000000000000000000000000000000
0000000000000000000000000000000000000000000000000000000000000000000000000000000000000000000
0000000000000000000000000000000000000000000000000000000000000000000000000000000000000000000
0000000000000000000000000000000000000000000000000000000000000000000000000000000000000000000
0000000000000000000000000000000000000000000000000000000000000000000000000000000000000000000
0000000000000000000000000000000000000000000000000000000000000000000000000000000000000000000
0000000000000000000000000000000000000000000000000000000000000000000000000000000000000000000
0000000000000000000000000000000000000000000000000000000000000000000000000000000000000000000
0000000000000000000000000000000000000000000000000000000000000000000000000000000000000000000
0000000000000000000000000000000000000000000000000000000000000000000000000000000000000000000
0000000000000000000000000000000000000000000000000000000000000000000000000000000000000000000
0000000000000000000000000000000000000000000000000000000000000000000000000000000000000000000
0000000000000000000000000000000000000000000000000000000000000000000000000000000000000000000
0000000000000000000000000000000000000000000000000000000000000000000000000000000000000000000
0000000000000000000000000000000000000000000000000000000000000000000000000000000000000000000
0000000000000000000000000000000000000000000000000000000000000000000000000000000000000000000
0000000000000000000000000000000000000000000000000000000000000000000000000000000000000000000
0000000000000000000000000000000011111111111110110111111111111111111111111000000000011111111
0000000000000000000000000000000011111111111110111111111111111111111111111111000000011111111
0000000000000000000000000000000000011111111110111111111111111111111111111111001001001111111
0000000000000000000000000000000010011111111111111111111111101111111111111111001001111111111
0000000000000000000000000000000011111111111111111111111111001001100110111111101001111111111
0000000000000000000000000000000000011111111111111111111101001001100111111111111111111111110
0000000000000000000000000000000000011111111111111111111110001101100111111111111111111111110
0000000000000000000000000000000011111111111111111111111110000000000000111111111111111110110
0000000000000000000000000000000000011111111111111111110000000000000000111111111111111111000
0000000000000000000000000000000000011111111111111111111100000000001111111111111111111111000
0000000000000000000000000000000000011111111111111111111110000000000001111111111111111000000
0000000000000000001001000000000000010111111111111111110000000000000001111111111111111111000
0000000000000000001001000000000000011011111111111111100000000000000001111111111111111111000
0000000000000011111001000000000000011011111111111111100000000000000001011111111111111000000
0000000000000111111111111000000000001011111111111111000000000000000001001101111111100000000
0000000000001111111111111000000000001111111111111100000000000000000001001111111111100000000
0000000000001111111111000000000001001111111111111100000000000000000000001111111110100000000
0000000000001111111111111011111111001111111111100100000000000000000000000001111111000000000
0000000000001111111111111111111111111111111111111100000000000000000000001001111111000000000
0000000000001111111111111111111111111111111111111100000000000000000000001111110000000000000
0000000000001111111111111111111111111111111111100000000000000000000000000001111110000000000
0000000001111111111111111111111111111111111111111000000000000000000000000001111110000000000
0000000000001111111111111111111111111111111111111100000000000000000000001111110000000000000
0000000000111111111111111111111111111111111111100000000000000000000000000001000000000000000
0000000001111111111111111111111111111111111111100000000000000000000000000001000000000000000
0000000000111111111111111111111111111111111111111100000000000000000000000001000000000000000
0000000001111111111111111111111111111111111111001100000000000000000000000000000000000000000
0000000011111111111111111111111111111111111111000000000000000000000000000000000000000000000
0000000001111111111111111111111111111111111111111000000101100100000000000000000000000000000
0000000001111111111111111111111111111111111111111000000100100100100100100000000000000000000
0000011111111111111111111111111111111111111111001000001100100100100100100000000000000000000
0000000011111111111111111111111111111111111111111111111111111100100100100000000000000000000
0000000011111111111111111111111111111111111111111111111111111111111111111100000000000000000
0000011111111111111111111111111111111111111111111111111111111111111111111100000000000000000
0000001111111111111111111111111111111111111100111111111111111111111111100000000000000000000
0000000011011111111111111111111111111111110100111111111111111111111111111100000000000000000
0000000011111111111111111111111111111111100100111111111111111111111111111100000000000000000
0000000011111111111111111111111111111111111111111111111111111111111111111100000000000000000
0000000000000011011001101101111111111110111111111111111111111111010010010000000000000000000
0000000000000011011101110000001101101110111111111111111111111110010010010000000000000000000
0000000000000011011111100000001001111111111111111111111111110110110010000000000000000000000
0000000000000000000100000000001001111111111111111111111111011000000000000000000000000000000
0000000000000000000000000000000000001111111111111111111111000000000000000000000000000000000
0000000000000000000000000000000000001101101111111111111111000000000000000000000000000000000
0000000000000000000000000000000000001101111111111111111111000000000000000000000000000000000
0000000000000000000000000000000000001001111111111111111111000000000000000000000000000000000
0000000000000000000000000000000000000000001001001111111110000000000000000000000000000000000
0000000000000000000000000000000000000000001001101111111100000000000000000000000000000000000
0000000000000000000000000000000000000000001001111111110000000000000000000000000000000000000
0000000000000000000000000000000000000000000000001111100000000000000000000000000000000000000
0000000000000000000000000000000000000000000000001101000000000000000000000000000000000000000
0000000000000000000000000000000000000000000000001100000000000000000000000000000000000000000
0000000000000000000000000000000000000000000000001100000000000000000000000000000000000000000
0000000000000000000000000000000000000000000000000000000000000000000000000000000000000000000
0000000000000000000000000000000000000000000000000000000000000000000000000000000000000000000
0000000000000000000000000000000000000000000000000000000000000000000000000000000000000000000
0000000000000000000000000000000000000000000000000000000000000000000000000000000000000000000
0000000000000000000000000000000000000000000000000000000000000000000000000000000000000000000
0000000000000000000000000000000000000000000000000000000000000000000000000000000000000000000
0000000000000000000000000000000000000000000000000000000000000000000000000000000000000000000
0000000000000000000000000000000000000000000000000000000000000000000000000000000000000000000
0000000000000000000000000000000000000000000000000000000000000000000000000000000000000000000
0000000000000000000000000000000000000000000000000000000000000000000000000000000000000000000
0000000000000000000000000000000000000000000000000000000000000000000000000000000000000000000
0000000000000000000000000000000000000000000000000000000000000000000000000000000000000000000
0000000000000000000000000000000000000000000000000000000000000000000000000000000000000000000
0000000000000000000000000000000000000000000000000000000000000000000000000000000000000000000
0000000000000000000000000000000000000000000000000000000000000000000000000000000000000000000
0000000000000000000000000000000000000000000000000000000000000000000000000000000000000000000
0000000000000000000000000000000000000000000000000000000000000000000000000000000000000000000
0000000000000000000000000000000000000000000000000000000000000000000000000000000000000000000
0000000000000000000000000000000000000000000000000000000000000000000000000000000000000000000
0000000000000000000000000000000000000000000000000000000000000000000000000000000000000000000
0000000000000000000000000000000000000000000000000000000000000000000000000000000000000000000
0000000000000000000000000000000000000000000000000000000000000000000000000000000000000000000
0000000000000000000000000000000000000000000000000000000000000000000000000000000000000000000
0000000000000000000000000000000000000000000000000000000000000000000000000000000000000000000
0000000000000000000000000000000000000000000000000000000000000000000000000000000000000000000
0000000000000000000000000000000000000000000000000000000000000000000000000000000000000000000
0000000000000000000000000000000000000000000000000000000000000000000000000000000000000000000
0000000000000000000000000000000000000000000000000000000000000000000000000000000000000000000
0000000000000000000000000000000000000000000000000000000000000000000000000000000000000000000