0000000000000000000000000000000000000000000000000000000000000000000000000000000000000000000
0000000000000000000000000000000000000000000000000000000000000000000000000000000000000000000
0000000000000000000000000000000000000000000000000000000000000000000000000000000000000000000
0000000000000000000000000000000000000000000000000000000000000000000000000000000000000000000
0000000000000000000000000000000000000000000000000000000000000000000000000000000000000000000
0000000000000000000000000000000000000000000000000000000000000000000000000000000000000000000
0000000000000000000000000000000000000000000000000000000000000000000000000000000000000000000
0000000000000000000000000000000000000000000000000000000000000000000000000000000000000000000
0000000000000000000000000000000000000000000000000000000000000000000000000000000000000000000
0000000000000000000000000000000000000000000000000000000000000000000000000000000000000000000
0000000000000000000000000000000000000000000000000000000000000000000000000000000000000000000
0000000000000000000000000000000000000000000000100000000000000000000000000000000000000000000
0000000000000000000000000000000000001000000001110111000000000000000000000000000000000000000
0000000000000000000000000000000000011100100011111111000000000000000000000000000000000000000
0000000000000000000000000000000000101111110111011101100010000000000000000000000000000000000
0000000000000000000000000000000001110111111111111111110111000000000000000000000000000000000
0000000000000000000000000000000011111111111111111111111111100000000000000000000000000000000
0000000000000000000000000000010111011111111111111111111111110100000000000000000000000000000
0000000000000000000000000000011111111111111111111111111111111100100000000000000000000000000
0000000000000000000000000001111111111111111111111111111111111101100000000000000000000000000
0000000000000000000000000001111111111111111111111111111111111111100000000000000000000000000
0000000000000000000000000111111111111111111111111111111111111110011000000000000000000000000
0000000000000000000000000111111111111111111111111111111111111111111000000000000000000000000
0000000000000000000000001111111111111111100110111111111111111111110110000000000000000000000
0000000000000000000000111111111111101111110100010001100111111111111100000000000000000000000
0000000000000000000001111111111111100110011000000000111111111111111100000000000000000000000
0000000000000000000011111111111110111000010000000000011011111111111110000000000000000000000
0000000000000000000001111111111110010000000000000000000011111111111110000000000000000000000
0000000000000000000011111111111011000000000000000000001110111111111111000000000000000000000
0000000000000000000011111111111001000000000000000000000100111111111111000000000000000000000
0000000000000000000011111111111100000000000000000000000001101111111111100000000000000000000
0000000000000000000111111111110100000000000000000000000001000111111111110000000000000000000
0000000000000000001111111111110000000000000000000000000000000011111111110000000000000000000
0000000000000000001111111111100000000000000000000000000000000011111111100000000000000000000
0000000000000000000111111111110000000000000000000000000000000111111111100000000000000000000
0000000000000000000111111111110000000000000000000000000000000111111111110000000000000000000
0000000000000000001111111111101000000000000000000000000000000111111111100000000000000000000
0000000000000000001111111111111000000000000000000000000000000111111111100000000000000000000
0000000000000000001111111111110000000000000000000000000000000111111111110000000000000000000
0000000000000000000111111111110000000000000000000000000000000111111111110000000000000000000
0000000000000000000111111111111000000000000000000000000000001111111111110000000000000000000
0000000000000000001111111111111000000000000000000000000000001111111111110000000000000000000
0000000000000000001111111111111010000000000000000000000000001111111111100000000000000000000
0000000000000000000111111111111111000000000000000000000000001111111111100000000000000000000
0000000000000000000011111111111100000000000000000000000000001111111111100000000000000000000
0000000000000000000111111111111101000000000000000000000000011111111111100000000000000000000
0000000000000000000001111111111111000000000000000000000000111111111111100000000000000000000
0000000000000000000011111111111111011000000000000000000001111111111111000000000000000000000
0000000000000000000110111111111111111000000000000000000110111111111111000000000000000000000
0000000000000000000001111111111111100110011001100000000111111111111111000000000000000000000
0000000000000000000001111111111111111111111111100110011011111111111111000000000000000000000
0000000000000000000000111111111111111111100110111111111111111111111111000000000000000000000
0000000000000000000000011111111111111111111110111001111111111111111111000000000000000000000
0000000000000000000000011111111111111111111111111111111111111111111111000000000000000000000
0000000000000000000000011111111111111111111111111111111111111111111110000000000000000000000
0000000000000000000000011111111111111111111111111111111111111111111110000000000000000000000
0000000000000000000000011111111111111111111111111111111111111111111100000000000000000000000
0000000000000000000000011111111111111111111111111111111111111111111110000000000000000000000
0000000000000000000000011111111111111111111111111111111111111111111110000000000000000000000
0000000000000000000000011111111111111111111111101110111111111111111101000000000000000000000
0000000000000000000000011111111111111111111111111111111111111111111111000000000000000000000
0000000000000000000000011111111111111111001110111011111111111111111110000000000000000000000
0000000000000000000000111111111111111111110000010001001100111111111111100000000000000000000
0000000000000000000001111111111111101100110000000000000001111111111111000000000000000000000
0000000000000000000111111111111101110000000000000000000011001111111111111000000000000000000
0000000000000000001011111111111110110000000000000000000000001111111111110000000000000000000
0000000000000000001101111111110110000000000000000000000000000011111111111110000000000000000
0000000000000000001111111111111010000000000000000000000000000011111111111100000000000000000
0000000000000000010111111111111000000000000000000000000000000001111111111111000000000000000
0000000000000000011111111111101000000000000000000000000000000000111111111110000000000000000
0000000000000000011111111111110000000000000000000000000000000000011111111111000000000000000
0000000000000000111111111111100000000000000000000000000000000000011111111111100000000000000
0000000000000000111111111111000000000000000000000000000000000000011111111111100000000000000
0000000000000000111111111110000000000000000000000000000000000000001111111111100000000000000
0000000000000001111111111100000000000000000000000000000000000000001111111111100000000000000
0000000000000001111111111110000000000000000000000000000000000000001111111111000000000000000
0000000000000001111111111110000000000000000000000000000000000000000111111111000000000000000
0000000000000001111111111100000000000000000000000000000000000000001111111111000000000000000
0000000000000001111111111100000000000000000000000000000000000000001111111111100000000000000
0000000000000001111111111100000000000000000000000000000000000000011111111111100000000000000
0000000000000001111111111100000000000000000000000000000000000000001111111111000000000000000
0000000000000001111111111100000000000000000000000000000000000000001111111111000000000000000
0000000000000001111111111100000000000000000000000000000000000000001111111111000000000000000
0000000000000000111111111100000000000000000000000000000000000000000111111111000000000000000
0000000000000000111111111100000000000000000000000000000000000000011111111111000000000000000
0000000000000001101111111100000000000000000000000000000000000000111111111111000000000000000
0000000000000001011111111100000000000000000000000000000000000001011111111111000000000000000
0000000000000000111011111100000000000000000000000000000000000001111111111110000000000000000
0000000000000000010111111011000000000000000000000000000000000101111111111110000000000000000
0000000000000000001110111111000000000000000000000000000000000110111111111010000000000000000
0000000000000000000101111100110000000000000000000000000000010011111111111100000000000000000
0000000000000000000011111111111000000000000000000000000000011011111111111100000000000000000
0000000000000000000011111111111100000000000000000000000011001111111111111100000000000000000
0000000000000000000001111111111110000000000000000000000001101111111111110000000000000000000
0000000000000000000000111111111110001000000000000000001100111111111111100000000000000000000
0000000000000000000000111111111111011100110011000000001111111111111111000000000000000000000
0000000000000000000000001111111111101111111111111100110011111111111111000000000000000000000
0000000000000000000000011111111101111111001101111101111111111111111100000000000000000000000
0000000000000000000000000011111111111111111111110111011111111111111100000000000000000000000
0000000000000000000000000111111111111111111111111111111111111111110000000000000000000000000
0000000000000000000000000001111111111111111111111111111111111111010000000000000000000000000
0000000000000000000000000000111111111111111111111111111111111110000000000000000000000000000
0000000000000000000000000000011101110111111111111111111111011100000000000000000000000000000
0000000000000000000000000000001011111111111111110111011111111000000000000000000000000000000
0000000000000000000000000000000111011111111111111111001001110000000000000000000000000000000
0000000000000000000000000000000010001001100111011101110000100000000000000000000000000000000
0000000000000000000000000000000000000001111000001000100000000000000000000000000000000000000
0000000000000000000000000000000000000000011000000000000000000000000000000000000000000000000
0000000000000000000000000000000000000000000000000000000000000000000000000000000000000000000
0000000000000000000000000000000000000000000000000000000000000000000000000000000000000000000
0000000000000000000000000000000000000000000000000000000000000000000000000000000000000000000
0000000000000000000000000000000000000000000000000000000000000000000000000000000000000000000
0000000000000000000000000000000000000000000000000000000000000000000000000000000000000000000
0000000000000000000000000000000000000000000000000000000000000000000000000000000000000000000
0000000000000000000000000000000000000000000000000000000000000000000000000000000000000000000
0000000000000000000000000000000000000000000000000000000000000000000000000000000000000000000
0000000000000000000000000000000000000000000000000000000000000000000000000000000000000000000