0000000000000000000000000000000000000000000000000000000000000000000000000000000000000000000
0000000000000000000000000000000000000000000000000000000000000000000000000000000000000000000
0000000000000000000000000000000000000000000000000000000000000000000000000000000000000000000
0000000000000000000000000000000000000000000000000000000000000000000000000000000000000000000
0000000000000000000000000000000000000000000000000000000000000000000000000000000000000000000
0000000000000000000000000000000000000000000000000000000000000000000000000000000000000000000
0000000000000000000000000000000000000000000000000000000000000000000000000000000000000000000
0000000000000000000000000000000000000000000000000000000000000000000000000000000000000000000
0000000000000000000000000000000000000000000000000000000000000000000000000000000000000000000
0000000000000000000000000000000000000000000000000000000000000000000000000000000000000000000
0000000000000000000000000000000000000000000000000000000000000000000000000000000000000000000
0000000000000000000000000000000000000000000000000000000000000000000000000000000000000000000
0000000000000000000000000000000000000000000000000000000000000000000000000000000000000000000
0000000000000000000000000000000000000000000000000000000000000000000000000000000000000000000
0000000000000000000000000011001001111000000000000000000000000111101000100000000000000000000
0000000000000000000000000001001111111111000000000000000000111111111111110000000000000000000
0000000000000000000000000001111111111111000000000000000001111111111111111000000000000000000
0000000000000000000000000011111111111011100000000000000001110111111111101100000000000000000
0000000000000000000000000110111111111111100000000000000000111111111101101100000000000000000
0000000000000000000000000100111111111100000000000000000011111111111111101110000000000000000
0000000000000000000000000011111111110110000000000000000110111111111111110000000000000000000
0000000000000000000000000011111111111110000000000000000000011111111110000000000000000000000
0000000000000000000000000011111111111110000000000000000001111111110110000000000000000000000
0000000000000000000000000011111111110000000000000000000011101111110111000000000000000000000
0000000000000000000000001111111111111000000000000000000001101111111111000000000000000000000
0000000000000000000000001101111111111000000000000000000001111111111000000000000000000000000
0000000000000000000000000001111111111000000000000000000111111111011000000000000000000000000
0000000000000000000000000111111111100000000000000000001111111111011100000000000000000000000
0000000000000000000000000111111111100000000000000000000111111111111100000000000000000000000
0000000000000000000000000000011111100000000000000000000111111111100000000000000000000000000
0000000000000000000000000011111111110000000000000000011111111100110000000000000000000000000
0000000000000000000000000011111110110000000000000000011111111110110000000000000000000000000
0000000000000000000000000010001111110000000000000000011011111111110000000000000000000000000
0000000000000000000000000001111111110000000000000000011111111110000000000000000000000000000
0000000000000000000000000001111111000000000000000001111111110000000000000000000000000000000
0000000000000000000000000000111111011000000000000001111111111000000000000000000000000000000
0000000000000000000000000000111111111000000000000001101111111000000000000000000000000000000
0000000000000000000000000111111111100000000000000000111111111000000000000000000000000000000
0000000000000000000000000100011111100000000000000111111111100000000000000000000000000000000
0000000000000000000000000000111111110000000000010111111111100000000000000000000000000000000
0000000000000000000000000011111111100000000000110111111111100000000000000000000000000000000
0000000000000000000000000011101110010000000000110011111111100000000000000000000000000000000
0000000000000000000000000001011111111000000000011111111110000000000000000000000000000000000
0000000000000000000000000011111111100000000001111111111110000000000000000000000000000000000
0000000000000000000000000000111111001100000011111111111110000000000000000000000000000000000
0000000000000000000000000000111111111100000001101111111110000000000000000000000000000000000
0000000000000000000000000001111111110000000001111111111001000000000000000000000000000000000
0000000000000000000000000111111110100000000111111111111011100000000000000000000000000000000
0000000000000000000000000000011101110000111111111111111111000000000000000000000000000000000
0000000000000000000000000000111111110001110111111111111100000000000000000000000000000000000
0000000000000000000000000011111111001000110111111111100100000000000000000000000000000000000
0000000000000000000000000001001111111000111111111111100110000000000000000000000000000000000
0000000000000000000000000000011111111011111111111111111100000000000000000000000000000000000
0000000000000000000000000000111111111111111111111111110000000000000000000000000000000000000
0000000000000000000000000000110111111111111111111111111000000000000000000000000000000000000
0000000000000000000000000000111111111111111111111111111000000000000000000000000000000000000
0000000000000000000000000001111111111111111111111111111000000000000000000000000000000000000
0000000000000000000000000011011111111111111111111111111100000000000000000000000000000000000
0000000000000000000000000000011111111111111111111111111100000000000000000000000000000000000
0000000000000000000000000000111111111111111111111111111100000000000000000000000000000000000
0000000000000000000000000001111111111111111111111111111110000000000000000000000000000000000
0000000000000000000000000001100111111111111111111111111110000000000000000000000000000000000
0000000000000000000000000000111111111111111111111111111110000000000000000000000000000000000
0000000000000000000000000011111111111111111111111111111111000000000000000000000000000000000
0000000000000000000000000000111111111111111111111111111111100000000000000000000000000000000
0000000000000000000000000000011111111111111110111111111111100000000000000000000000000000000
0000000000000000000000000011111111111111111100000111111111100000000000000000000000000000000
0000000000000000000000000011011111111111111000000001111111110000000000000000000000000000000
0000000000000000000000000000001111111111001000000011111111110000000000000000000000000000000
0000000000000000000000000001111111111011000000000010011111111110000000000000000000000000000
0000000000000000000000000001110111111011100000000000111111111000000000000000000000000000000
0000000000000000000000000000100111111111000000000001111111111000000000000000000000000000000
0000000000000000000000000000111111111100000000000000000111111111000000000000000000000000000
0000000000000000000000000000111111100100000000000000111111111100000000000000000000000000000
0000000000000000000000000000011101100110000000000000000111111100100000000000000000000000000
0000000000000000000000000000011111110100000000000000000011111111100000000000000000000000000
0000000000000000000000000011111111100000000000000000011111111110000000000000000000000000000
0000000000000000000000000001001110011000000000000000010011111110110000000000000000000000000
0000000000000000000000000000011111111000000000000000000001111111110000000000000000000000000
0000000000000000000000000001111111110000000000000000001111111111000000000000000000000000000
0000000000000000000000000000111111000100000000000000000000111111011000000000000000000000000
0000000000000000000000000000111111111100000000000000000001111111110000000000000000000000000
0000000000000000000000000001111111110000000000000000000000111111100000000000000000000000000
0000000000000000000000000111011111100000000000000000000000011111111110000000000000000000000
0000000000000000000000000010011111110000000000000000000000111111111000000000000000000000000
0000000000000000000000000000111111111000000000000000000011111111110010000000000000000000000
0000000000000000000000000001111111011000000000000000000000001111111111000000000000000000000
0000000000000000000000000001101111111000000000000000000000011111111100000000000000000000000
0000000000000000000000000001011111111000000000000000000001110111111001000000000000000000000
0000000000000000000000000000111111100100000000000000000000100111111111100000000000000000000
0000000000000000000000000100111111111100000000000000000000001111111110000000000000000000000
0000000000000000000000000100111111111100000000000000000000111111111101110000000000000000000
0000000000000000000000000101111111110010000000000000000110011111111111110000000000000000000
0000000000000000000000001111111111111110000000000000000010011111111111000000000000000000000
0000000000000000000000011011111111111111000000000000000010111111111111111000000000000000000
0000000000000000000000011001111111111001000000000000000111111111111111111000000000000000000
0000000000000000000000000111111111111011000000000000001101111111111111001000000000000000000
0000000000000000000000001111111111111011000000000000001101111111111111111100000000000000000
0000000000000000000000001111111111111100000000000000001011111111111111111100000000000000000
0000000000000000000000000011111111101100000000000000001111111111111111100000000000000000000
0000000000000000000000000001111101101100000000000000000001101111111100110000000000000000000
0000000000000000000000000000000101101100000000000000000000000111110110110000000000000000000
0000000000000000000000000000000000110000000000000000000000000000010010010000000000000000000
0000000000000000000000000000000000000000000000000000000000000000000010000000000000000000000
0000000000000000000000000000000000000000000000000000000000000000000000000000000000000000000
0000000000000000000000000000000000000000000000000000000000000000000000000000000000000000000
0000000000000000000000000000000000000000000000000000000000000000000000000000000000000000000
0000000000000000000000000000000000000000000000000000000000000000000000000000000000000000000
0000000000000000000000000000000000000000000000000000000000000000000000000000000000000000000
0000000000000000000000000000000000000000000000000000000000000000000000000000000000000000000
0000000000000000000000000000000000000000000000000000000000000000000000000000000000000000000
0000000000000000000000000000000000000000000000000000000000000000000000000000000000000000000
0000000000000000000000000000000000000000000000000000000000000000000000000000000000000000000
0000000000000000000000000000000000000000000000000000000000000000000000000000000000000000000
0000000000000000000000000000000000000000000000000000000000000000000000000000000000000000000
0000000000000000000000000000000000000000000000000000000000000000000000000000000000000000000
0000000000000000000000000000000000000000000000000000000000000000000000000000000000000000000