0000000000000000000000000000000000000000000000000000000000000000000000000000000000000000000
0000000000000000000000000000000000000000000000000000000000000000000000000000000000000000000
0000000000000000000000000000000000000000000000000000000000000000000000000000000000000000000
0000000000000000000000000000000000000000000000000000000000000000000000000000000000000000000
0000000000000000000000000000000000000000000000000000000000000000000000000000000000000000000
0000000000000000000000000000000000000000000000000000000000000000000000000000000000000000000
0000000000000000000000000000000000000000000000000000000000000000000000000000000000000000000
0000000000000000000000000000000000000000000000000000000000000000000000000000000000000000000
0000000000000000000000000000000000000000000000000000000000000000000000000000000000000000000
0000000000000000000000000000000000000000000000000000000000000000000000000000000000000000000
0000000000000000000000000000000000000000000000000000000000000000000000000000000000000000000
0000000000000000000000000000000000000000000100000000000000000000000000000000000000000000000
0000000000000000000000000000000000000000000111100110000000000000000000000000000000000000000
0000000000000000000000000000000000000001111111110100110000000000000000000000000000000000000
0000000000000000000000000000000000011111111111111101110000000000000000000000000000000000000
0000000000000000000000000000000111011111011100111111101111000000000000000000000000000000000
0000000000000000000000000000110111111111111111111111101111100000000000000000000000000000000
0000000000000000000000000001111110111111111111101111111111110000000000000000000000000000000
0000000000000000000000000001001111111111111001001001111111111000000000000000000000000000000
0000000000000000000000000011111111111110011000011001011111111100000000000000000000000000000
0000000000000000000000000111111111100100010000000000011111111000000000000000000000000000000
0000000000000000000000000111111001100000000000000000010011111100000000000000000000000000000
0000000000000000000000001111111111000000000000000000000110111101000000000000000000000000000
0000000000000000000000001111110110000000000000000000000100101101100000000000000000000000000
0000000000000000000000011111110000000000000000000000000001101111010000000000000000000000000
0000000000000000000000011111111100000000000000000000000000001111010000000000000000000000000
0000000000000000000000111111101100000000000000000000000000001011010000000000000000000000000
0000000000000000000000111111100000000000000000000000000000000011111000000000000000000000000
0000000000000000000001111110111000000000000000000000000000000000111000000000000000000000000
0000000000000000000011111111000000000000000000000000000000000000011000000000000000000000000
0000000000000000000001111111100000000000000000000000000000000000011000000000000000000000000
0000000000000000000111111110100000000000000000000000000000000000001100000000000000000000000
0000000000000000000011111111000000000000000000000000000000000000001100000000000000000000000
0000000000000000000001111111000000000000000000000000000000000000000110000000000000000000000
0000000000000000000011111111000000000000000000000000000000000000001110000000000000000000000
0000000000000000000011111111000000000000000000000000000000000000001110000000000000000000000
0000000000000000000001111111000000000000000000000000000000000000011111000000000000000000000
0000000000000000000011111111100000000000000000000000000000000000011111000000000000000000000
0000000000000000000001111111100000000000000000000000000000000001111110000000000000000000000
0000000000000000000001111111100000000000000000000000000000000001111111000000000000000000000
0000000000000000000001111111100000000000000000000000000000000001111110000000000000000000000
0000000000000000000000111111110000000000000000000000000000000011111111000000000000000000000
0000000000000000000000111111110000000000000000000000000000000011111100000000000000000000000
0000000000000000000000011111111100000000000000000000000000111111111110000000000000000000000
0000000000000000000000011111111111000000000000000000000001100111111000000000000000000000000
0000000000000000000000001111111111110000000000000000000001101111111100000000000000000000000
0000000000000000000000000111111111110000000000000000000011111111110110000000000000000000000
0000000000000000000000000111111111101100000000000000000011111111111010000000000000000000000
0000000000000000000000000111111111101101100000000000100111111111111100000000000000000000000
0000000000000000000000000011111111111011101000001001111111111111111100000000000000000000000
0000000000000000000000000001111111111111011110001111111111111111111000000000000000000000000
0000000000000000000000000001111111111111111011111111101111111110110000000000000000000000000
0000000000000000000000000001111111111111111111110011111111111111100000000000000000000000000
0000000000000000000000000011111111111111111111111011111111111111110000000000000000000000000
0000000000000000000000000011111111111111111110111111111111111111100000000000000000000000000
0000000000000000000000000011111111111111111110111110001111111111100000000000000000000000000
0000000000000000000000000101111111111111100011100010000011111111111000000000000000000000000
0000000000000000000000001111111111111001111100100000000011111111111100000000000000000000000
0000000000000000000000000011111110011111001000000000000000111111101101000000000000000000000
0000000000000000000000011111111111110010000000000000000000101111111111000000000000000000000
0000000000000000000000011111111100110000000000000000000000001011111111000000000000000000000
0000000000000000000000110111101100000000000000000000000000011011111111000000000000000000000
0000000000000000000001111111111000000000000000000000000000000111111111100000000000000000000
0000000000000000000001011111111000000000000000000000000000000010111111110000000000000000000
0000000000000000000011101110010000000000000000000000000000000000111111111000000000000000000
0000000000000000000001111111100000000000000000000000000000000000001111111000000000000000000
0000000000000000000110111101100000000000000000000000000000000000000111111100000000000000000
0000000000000000000111111100000000000000000000000000000000000000000111111100000000000000000
0000000000000000001001111111000000000000000000000000000000000000000011111100000000000000000
0000000000000000001111111000000000000000000000000000000000000000000011111110000000000000000
0000000000000000001111111100000000000000000000000000000000000000000011111110000000000000000
0000000000000000011011111100000000000000000000000000000000000000000011111110000000000000000
0000000000000000011111111000000000000000000000000000000000000000000001111110000000000000000
0000000000000000001111111000000000000000000000000000000000000000000011111111000000000000000
0000000000000000011111110000000000000000000000000000000000000000000001111111000000000000000
0000000000000000011111111000000000000000000000000000000000000000000001111111000000000000000
0000000000000000001111111000000000000000000000000000000000000000000001111111000000000000000
0000000000000000001111111000000000000000000000000000000000000000000011111110000000000000000
0000000000000000001111111100000000000000000000000000000000000000000011111111000000000000000
0000000000000000001111111100000000000000000000000000000000000000000101111111000000000000000
0000000000000000000111111100000000000000000000000000000000000000001111111110000000000000000
0000000000000000000111111110000000000000000000000000000000000000000111111111000000000000000
0000000000000000000111111110000000000000000000000000000000000000011101111110000000000000000
0000000000000000000111111110000000000000000000000000000000000000011111111110000000000000000
0000000000000000000011111110000000000000000000000000000000000000100111111100000000000000000
0000000000000000000011111111000000000000000000000000000000000000111111111000000000000000000
0000000000000000000010111111000000000000000000000000000000000000011111111000000000000000000
0000000000000000000000111111110000000000000000000000000000000001101111010000000000000000000
0000000000000000000001111111111100000000000000000000000000000011111111110000000000000000000
0000000000000000000000111111111111000000000000000000000000000110111101100000000000000000000
0000000000000000000000001111111011010000000000000000000000100111111111100000000000000000000
0000000000000000000000001011111110111000000000000000001001111111111111000000000000000000000
0000000000000000000000000011111110110110000000000010011111001101110011000000000000000000000
0000000000000000000000000010111111100110100100100011111011011111111110000000000000000000000
0000000000000000000000000000111111111101111100111111110111111111101100000000000000000000000
0000000000000000000000000001101101111111111111111110111111111011100000000000000000000000000
0000000000000000000000000000001111111111111111111111111111111000000000000000000000000000000
0000000000000000000000000000000011011111111111111111111111111110000000000000000000000000000
0000000000000000000000000000000011011011111011111111101111110010000000000000000000000000000
0000000000000000000000000000000000110011111111111011111100100000000000000000000000000000000
0000000000000000000000000000000000000110001111001111001000000000000000000000000000000000000
0000000000000000000000000000000000000010000010000011000000000000000000000000000000000000000
0000000000000000000000000000000000000000000000000000000000000000000000000000000000000000000
0000000000000000000000000000000000000000000000000000000000000000000000000000000000000000000
0000000000000000000000000000000000000000000000000000000000000000000000000000000000000000000
0000000000000000000000000000000000000000000000000000000000000000000000000000000000000000000
0000000000000000000000000000000000000000000000000000000000000000000000000000000000000000000
0000000000000000000000000000000000000000000000000000000000000000000000000000000000000000000
0000000000000000000000000000000000000000000000000000000000000000000000000000000000000000000
0000000000000000000000000000000000000000000000000000000000000000000000000000000000000000000
0000000000000000000000000000000000000000000000000000000000000000000000000000000000000000000
0000000000000000000000000000000000000000000000000000000000000000000000000000000000000000000
0000000000000000000000000000000000000000000000000000000000000000000000000000000000000000000
0000000000000000000000000000000000000000000000000000000000000000000000000000000000000000000
0000000000000000000000000000000000000000000000000000000000000000000000000000000000000000000
0000000000000000000000000000000000000000000000000000000000000000000000000000000000000000000
0000000000000000000000000000000000000000000000000000000000000000000000000000000000000000000