0000000000000000000000000000000000000000000000000000000000000000000000000000000000000000000
0000000000000000000000000000000000000000000000000000000000000000000000000000000000000000000
0000000000000000000000000000000000000000000000000000000000000000000000000000000000000000000
0000000000000000000000000000000000000000000000000000000000000000000000000000000000000000000
0000000000000000000000000000000000000000000000000000000000000000000000000000000000000000000
0000000000000000000000000000000000000000000000000000000000000000000000000000000000000000000
0000000000000000000000000000000000000000000000000000000000000000000000000000000000000000000
0000000000000000000000000000000000000000000000000000000000000000000000000000000000000000000
0000000000000000000000000000000000000000000000000000000000000000000000000000000000000000000
0000000000000000000000000000000000000000000000000000000000000000000000000000000000000000000
0000000000000000000000000000000000000000000000000000000000000000000000000000000000000000000
0000000000000000000000000000000000000000000000000000000000000000000000000000000000000000000
0000000000000000000000000000000000000000000000000000000000000000000000000000000000000000000
0000000000000000000000000000000000000000000000000000000000000000000000000000000000000000000
0000000000000000000000000000000000000000000000000000000000000000000000000000000000000000000
0000000000000000000000000000000000000000000000000000000000000000000000000000000000000000000
0000000000000000000000000000000000000000000000000000000000000000000000000000000000000000000
0000000000000000000000000000000000000000000000000000000000000000000000000000000000000000000
0000000000000000000000000000000000000000000000000000000000000000000000000000000000000000000
0000000000000000000000000000000000000000000000000000000000000000000000000000000000000000000
0000000000000000000000000000000000000000000000000000000000000000000000000000000000000000000
0000000000000000000000000000000000000000000000000000000000000000000000000000000000000000000
0000000000000000000000000000000000000000000000000000000000000000000000000000000000000000000
0000000000000000000000000000000000000000000000000000000000000000000000000000000000000000000
0000000000000000000000000000000000000000000000000000000000000000000000000000000000000000000
0000000000000000000000000000000000000000011000101100000000000000000000000000000000000000000
0000000000000000000000000000000010000001011100101110010000000000000000000000000000000000000
0000000000000000000000000000001011000111101111110011111000000000000000000000000000000000000
0000000000000000000000000000011001011111101111110111111011100000000000000000000000000000000
0000000000000000000000000001001101111101111111111111001111101110000000000000000000000000000
0000000000000000000000000001101111111111111111111111111111111110011000000000000000000000000
0000000000000000000000000101111111111111111111111111111111111111111000100000000000000000000
0000000000000000000000000111111111111111111111111111111111111111111111100000000000000000000
0000000000000000000000001111111111111111111111111111111111111111111100000000000000000000000
0000000000000000000000111111111111111111111111111111111111111111111110010000000000000000000
0000000000000000000011111111111111111111111111111111111111111111111111111000000000000000000
0000000000000000000110111111111111111111111111111111111111111111111111111000000000000000000
0000000000000000110111111111111111111111111111111111111111111111111111001100000000000000000
0000000000000000011011111111111111111111111111111111111111111111111111111100010000000000000
0000000000000001011111111111111111111111111111111111111111111111111111111111110000000000000
0000000000000001011111111111111111111111111111111111111111111111111111111111000000000000000
0000000000000001111111111111111111111111111111111111111111111111111111111111001000000000000
0000000000000111111111111111111111111111111111111111111111111111111111111111111000000000000
0000000000001111111111111111111111111111111111111111111111111111111111111111100000000000000
0000000000001111111111111111111111111111111111111111111111111111111111111111100110000000000
0000000000011111111111111111111111111111111111111111111111111111111111111111111100000000000
0000000000011111111111111111111111111111111111111111111111111111111111111111110001000000000
0000000000111111111111111111111111111111111111111111111111111111111111111111111111000000000
0000000011111111111111111111111111111111111111111111111111111111111111111111111100000000000
0000000011111111111111111111111111111111111111111111111111111111111111111111111100000000000
0000000011111111111111111111111111111111111111111111111111111111111111111111111110000000000
0000000111111111111111111111111111111111111111111111111111111111111111111111111110000000000
0000001111111111111111111111111111111111111111111111111111111111111111111111111110000000000
0000001111111111111111111111111111111111111111111111111111111111111111111111111111000000000
0000001111111111111111111111111111111111111111111111111111111111111111111111111111000000000
0000001111111111111111111111111111111111111111111111111111111111111111111111111111000000000
0000001111111111111111111111111111111111111111111111111111111111111111111111111110000000000
0000001111111111111111111111111111111111111111111111111111111111111111111111111111000000000
0000001111111111111111111111111111111111111111111111111111111111111111111111111110000000000
0000001111111111111111111111111111111111111111111111111111111111111111111111111110000000000
0000001111111111111111111111111111111111111111111111111111111111111111111111111111000000000
0000001111111111111111111111111111111111111111111111111111111111111111111111111110000000000
0000001111111111111111111111111111111111111111111111111111111111111111111111111110000000000
0000001111111111111111111111111111111111111111111111111111111111111111111111111100000000000
0000001111111111111111111111111111111111111111111111111111111111111111111111111110000000000
0000001111111111111111111111111111111111111111111111111111111111111111111111111100000000000
0000001111111111111111111111111111111111111111111111111111111111111111111111111100000000000
0000001111111111111111111111111111111111111111111111111111111111111111111111111000000000000
0000001111111111111111111111111111111111111111111111111111111111111111111111111000000000000
0000001111111111111111111111111111111111111111111111111111111111111111111111111000000000000
0000001111111111111111111111111111111111111111111111111111111111111111111111111000000000000
0000001111111111111111111111111111111111111111111111111111111111111111111111110000000000000
0000001111111111111111111111111111111111111111111111111111111111111111111111110000000000000
0000001111111111111111111111111111111111111111111111111111111111111111111111110000000000000
0000001111111111111111111111111111111111111111111111111111111111111111111111110000000000000
0000001111111111111111111111111111111111111111111111111111111111111111111111110000000100000
0000001111111111111111111111111111111111111111111111111111111111111111111111110000000110001
0000001111111111111111111111111111111111111111111111111111111111111111111111100000110010111
0000001111111111111111111111111111111111111111111111111111111111111111111111100110010011111
0000001111111111111111111111111111111111111111111111111111111111111111111111110110011111111
0000001111111111111111111111111111111111111111111111111111111111111111111111110011111111111
0000001111111111111111111111111111111111111111111111111111111111111111111111111011111111111
0000001111111111111111111111111111111111111111111111111111111111111111111111111111111111111
0000000000000000000000000000000000000000000000000000000000000000000000000000000000000000000
0000000000000000000000000000000000000000000000000000000000000000000000000000000000000000000
0000000000000000000000000000000000000000000000000000000000000000000000000000000000000000000
0000000000000000000000000000000000000000000000000000000000000000000000000000000000000000000
0000000000000000000000000000000000000000000000000000000000000000000000000000000000000000000
0000000000000000000000000000000000000000000000000000000000000000000000000000000000000000000
0000000000000000000000000000000000000000000000000000000000000000000000000000000000000000000
0000000000000000000000000000000000000000000000000000000000000000000000000000000000000000000
0000000000000000000000000000000000000000000000000000000000000000000000000000000000000000000
0000000000000000000000000000000000000000000000000000000000000000000000000000000000000000000
0000000000000000000000000000000000000000000000000000000000000000000000000000000000000000000
0000000000000000000000000000000000000000000000000000000000000000000000000000000000000000000
0000000000000000000000000000000000000000000000000000000000000000000000000000000000000000000
0000000000000000000000000000000000000000000000000000000000000000000000000000000000000000000
0000000000000000000000000000000000000000000000000000000000000000000000000000000000000000000
0000000000000000000000000000000000000000000000000000000000000000000000000000000000000000000
0000000000000000000000000000000000000000000000000000000000000000000000000000000000000000000
0000000000000000000000000000000000000000000000000000000000000000000000000000000000000000000
0000000000000000000000000000000000000000000000000000000000000000000000000000000000000000000
0000000000000000000000000000000000000000000000000000000000000000000000000000000000000000000
0000000000000000000000000000000000000000000000000000000000000000000000000000000000000000000
0000000000000000000000000000000000000000000000000000000000000000000000000000000000000000000
0000000000000000000000000000000000000000000000000000000000000000000000000000000000000000000
0000000000000000000000000000000000000000000000000000000000000000000000000000000000000000000
0000000000000000000000000000000000000000000000000000000000000000000000000000000000000000000
0000000000000000000000000000000000000000000000000000000000000000000000000000000000000000000
0000000000000000000000000000000000000000000000000000000000000000000000000000000000000000000
0000000000000000000000000000000000000000000000000000000000000000000000000000000000000000000
0000000000000000000000000000000000000000000000000000000000000000000000000000000000000000000
0000000000000000000000000000000000000000000000000000000000000000000000000000000000000000000
0000000000000000000000000000000000000000000000000000000000000000000000000000000000000000000
0000000000000000000000000000000000000000000000000000000000000000000000000000000000000000000
0000000000000000000000000000000000000000000000000000000000000000000000000000000000000000000
0000000000000000000000000000000000000000000000000000000000000000000000000000000000000000000