0000000000000000000000000000000000000000000000000000000000000000000000000000000000000000000
0000000000000000000000000000000000000000000000000000000000000000000000000000000000000000000
0000000000000000000000000000000000000000000000000000000000000000000000000000000000000000000
0000000000000000000000000000000000000000000000000000000000000000000000000000000000000000000
0000000000000000000000000000000000000000000000000000000000000000000000000000000000000000000
0000000000000000000000000000000000000000000000000000000000000000000000000000000000000000000
0000000000000000000000000000000000000000000000000000000000000000010000000000000000000000000
0000000000000000000000000000000000000000000000110000101011011000010000000000000000000000000
0000000000000000000000000000000000000000000001111111101011010111110000000000000000000000000
0000000000000000000000000000000000000000000011111111111111111111111100000000000000000000000
0000000000000000000000000000000000000000001111111111111111111111101100000000000000000000000
0000000000000000000000000000000000000000011111111111111111111111111110000000000000000000000
0000000000000000000000000000000000000000011111111111111111111111111000000000000000000000000
0000000000000000000000000000000000000011111111111111111111111111111000000000000000000000000
0000000000000000000000000000000000000000010011111111111111111111111000000000000000000000000
0000000000000000000000000000000000000000010111111111111111111111110000000000000000000000000
0000000000000000000000000000000000000000010111111111111111111111100000000000000000000000000
0000000000000000000000000000000000000000000000111111111111111111000000000000000000000000000
0000000000000000000000000000000000000000000000001101111111111110000000000000000000000000000
0000000000000000000000000000000000000000000000001111111111111000000000000000000000000000000
0000000000000000000000000000000000000000000000001111111111111000000000000000000000000000000
0000000000000000000000000000000000000000000000000011111111110000000000000000000000000000000
0000000000000000000000000000000000000000000000000011111111000000000000000000000000000000000
0000000000000000000000000000000000000000000000000011111111110000000000000000000000000000000
0000000000000000000000000000000000000000000000000111111110110000000000000000000000000000000
0000000000000000000000000000000000000000000000000111111111111000000000000000000000000000000
0000000000000000000000000000000000000000000000000000111111100000000000000000000000000000000
0000000000000000000000000000000000000000000000000111111111100000000000000000000000000000000
0000000000000000000000000000000000000000000000000111111111111100000000000000000000000000000
0000000000000000000000000000000000000000000000000001111111100000000000000000000000000000000
0000000000000000000000000000000000000000000000001111111111110000000000000000000000000000000
0000000000000000000000000000000000000000000000000001111111111000000000000000000000000000000
0000000000000000000000000000000000000000000000001011111111000000000000000000000000000000000
0000000000000000000000000000000000000000000000001111111111111000000000000000000000000000000
0000000000000000000000000000000000000000000000000011111111010000000000000000000000000000000
0000000000000000000000000000000000000000000000000011111111100000000000000000000000000000000
0000000000000000000000000000000000000000000000000001111111110000000000000000000000000000000
0000000000000000000000000000000000000000000000000110111110010000000000000000000000000000000
0000000000000000000000000000000000000000000000000111111111110000000000000000000000000000000
0000000000000000000000000000000000000000000000000000111111110000000000000000000000000000000
0000000000000000000000000000000000000000000000000111111111100000000000000000000000000000000
0000000000000000000000000000000000000000000000000011111111111100000000000000000000000000000
0000000000000000000000000000000000000000000000000001111111100000000000000000000000000000000
0000000000000000000000000000000000000000000000001111111111110000000000000000000000000000000
0000000000000000000000000000000000000000000000000001111111111000000000000000000000000000000
0000000000000000000000000000000000000000000000000011111111000000000000000000000000000000000
0000000000000000000000000000000000000000000000000111111111111000000000000000000000000000000
0000000000000000000000000000000000000000000000000011011111111000000000000000000000000000000
0000000000000000000000000000000000000000000000000011111111100000000000000000000000000000000
0000000000000000000000000000000000000000000000000001111111110000000000000000000000000000000
0000000000000000000000000000000000000000000000000110111110010000000000000000000000000000000
0000000000000000000000000000000000000000000000000111111111110000000000000000000000000000000
0000000000000000000000000000000000000000000000000000111111110000000000000000000000000000000
0000000000000000000000000000000000000000000000000111111111100000000000000000000000000000000
0000000000000000000000000000000000000000000000000011111111100000000000000000000000000000000
0000000000000000000000000000000000000000000000000001111111100000000000000000000000000000000
0000000000000000000000000000000000000000000000001111111111111000000000000000000000000000000
0000000000000000000000000000000000000000000000000001111111111000000000000000000000000000000
0000000000000000000000000000000000000000000000000001111111000000000000000000000000000000000
0000000000000000000000000000000000000000000000000111111111111000000000000000000000000000000
0000000000000000000000000000000000000000000000000011111111001000000000000000000000000000000
0000000000000000000000000000000000000000000000000011111111110000000000000000000000000000000
0000000000000000000000000000000000000000000000000001111111110000000000000000000000000000000
0000000000000000000000000000000000000000000000000011111110000000000000000000000000000000000
0000000000000000000000000000000000000000000000000111111111110000000000000000000000000000000
0000000000000000000000000000000000000000000000000000111111110000000000000000000000000000000
0000000000000000000000000000000000000000000000000111111111100000000000000000000000000000000
0000000000000000000000000000000000000000000000000001111111100000000000000000000000000000000
0000000000000000000000000000000000000000000000000001111111100000000000000000000000000000000
0000000000000000000000000000000000000000000000001111111111111000000000000000000000000000000
0000000000000000000000000000000000000000000000000001111111101000000000000000000000000000000
0000000000000000001000000000000000000000000000000001111111000000000000000000000000000000000
0000000000000000111111000000000000000000000000000011111111111000000000000000000000000000000
0000000000000011111000000000000000000000000000000011111111001000000000000000000000000000000
0000000000001111111100000000000000000000000000011111111111110000000000000000000000000000000
0000000000011111110110000000000000000000000000000011111111110000000000000000000000000000000
0000000000100111110110000000000000000000000000000011111110000000000000000000000000000000000
0000000000111111111111000000000000000000000000000111111111110000000000000000000000000000000
0000000000000111111100000000000000000000000000000111111110110000000000000000000000000000000
0000000000101111111100000000000000000000000000111111111111100000000000000000000000000000000
0000000000111111111111100000000000000000000000000111111111100000000000000000000000000000000
0000000000001111111101000000000000000000000000000111111100000000000000000000000000000000000
0000000000001111111110000000000000000000000000001111111111100000000000000000000000000000000
0000000000000111111111000000000000000000000000011111111101100000000000000000000000000000000
0000000000011011111011000000000000000000000001111111111111000000000000000000000000000000000
0000000000011111111111100000000000000000000001111111111111000000000000000000000000000000000
0000000000000011111111110000000000000000000011111111111000000000000000000000000000000000000
0000000000000111111111110000000000000000000111111111111111000000000000000000000000000000000
0000000000000111111111111000000000000000011111111111111000000000000000000000000000000000000
0000000000000000111111111111110000000011111111111111111000000000000000000000000000000000000
0000000000000001111111111111111011110111111111111111110000000000000000000000000000000000000
0000000000000011111111111111011111111111111111111111110000000000000000000000000000000000000
0000000000000000001111111111111111111111111111111111000000000000000000000000000000000000000
0000000000000000001111111111111111111111111111111110000000000000000000000000000000000000000
0000000000000000011111111111111111111111111111111100000000000000000000000000000000000000000
0000000000000000000001111111111111111111111111110000000000000000000000000000000000000000000
0000000000000000000000110111111111111111111111100000000000000000000000000000000000000000000
0000000000000000000000110111101111111111111100000000000000000000000000000000000000000000000
0000000000000000000000011101101111010111110000000000000000000000000000000000000000000000000
0000000000000000000000000000011011010100000000000000000000000000000000000000000000000000000
0000000000000000000000000000000000000000000000000000000000000000000000000000000000000000000
0000000000000000000000000000000000000000000000000000000000000000000000000000000000000000000
0000000000000000000000000000000000000000000000000000000000000000000000000000000000000000000
0000000000000000000000000000000000000000000000000000000000000000000000000000000000000000000
0000000000000000000000000000000000000000000000000000000000000000000000000000000000000000000
0000000000000000000000000000000000000000000000000000000000000000000000000000000000000000000
0000000000000000000000000000000000000000000000000000000000000000000000000000000000000000000
0000000000000000000000000000000000000000000000000000000000000000000000000000000000000000000
0000000000000000000000000000000000000000000000000000000000000000000000000000000000000000000
0000000000000000000000000000000000000000000000000000000000000000000000000000000000000000000
0000000000000000000000000000000000000000000000000000000000000000000000000000000000000000000
0000000000000000000000000000000000000000000000000000000000000000000000000000000000000000000
0000000000000000000000000000000000000000000000000000000000000000000000000000000000000000000
0000000000000000000000000000000000000000000000000000000000000000000000000000000000000000000
0000000000000000000000000000000000000000000000000000000000000000000000000000000000000000000
0000000000000000000000000000000000000000000000000000000000000000000000000000000000000000000
0000000000000000000000000000000000000000000000000000000000000000000000000000000000000000000