0000000000000000000000000000000000000000000000000000000000000000000000000000000000000000000
0000000000000000000000000000000000000000000000000000000000000000000000000000000000000000000
0000000000000000000000000000000000000000000000000000000000000000000000000000000000000000000
0000000000000000000000000000000000000000000000000000000000000000000000000000000000000000000
0000000000000000000000000000000000000000000000000000000000000000000000000000000000000000000
0000000000000000000000000000000000000000000000000000000000000000000000000000000000000000000
0000000000000000000000000000000000000000000000000000100000000000000000000000000000000000000
0000000000000000000000000000000000000000000000000000111100000000000000000000000000000000000
0000000000000000000000000000000000000000000000001101111111100000000000000000000000000000000
0000000000000000000000000000000000000000000010011111111111111100000000000000000000000000000
0000000000000000000000000000000000000000000011111111111111111000000000000000000000000000000
0000000000000000000000000000000000000000000011111111111111111000000000000000000000000000000
0000000000000000000000000000000000000000000001111111111111111110000000000000000000000000000
0000000000000000000000000000000000000000000001111111111111111010000000000000000000000000000
0000000000000000000000000000000000000000000000011111111111111000000000000000000000000000000
0000000000000000000000000000000000000000000000111111111111011100000000000000000000000000000
0000000000000000000000000000000000000000000000110111111111111100000000000000000000000000000
0000000000000000000000000000000000000000000000000111111111111000000000000000000000000000000
0000000000000000000000000000000000000000000000000111111110111000000000000000000000000000000
0000000000000000000000000000000000000000000000000011111111100000000000000000000000000000000
0000000000000000000000000000000000000000000000000111111111110000000000000000000000000000000
0000000000000000000000000000000000000000000000000011111101100000000000000000000000000000000
0000000000000000000000000000000000000000000000000111111111000000000000000000000000000000000
0000000000000000000000000000000000000000000000000011111111000000000000000000000000000000000
0000000000000000000000000000000000000000000000000011111111000000000000000000000000000000000
0000000000000000000000000000000000000000000000000001111110000000000000000000000000000000000
0000000000000000000000000000000000000000000000000011111110000000000000000000000000000000000
0000000000000000000000000000000000000000000000000011111110000000000000000000000000000000000
0000000000000000000000000000000000000000000000000001111100000000000000000000000000000000000
0000000000000000000000000000000000000000000000000011111110000000000000000000000000000000000
0000000000000000000000000000000000000000000000000001111111000000000000000000000000000000000
0000000000000000000000000000000000000000000000000000111111000000000000000000000000000000000
0000000000000000000000000000000000000000000000000001111111000000000000000000000000000000000
0000000000000000000000000000000000000000000000000001111111000000000000000000000000000000000
0000000000000000000000000000000000000000000000000011111111100000000000000000000000000000000
0000000000000000000000000000000000000000000000000011111110000000000000000000000000000000000
0000000000000000000000000000000000000000000000000111111111000000000000000000000000000000000
0000000000000000000000000000000000000000000000000011111111100000000000000000000000000000000
0000000000000000000000000000000000000000000000000001111100100000000000000000000000000000000
0000000000000000000000000000000000000000000000000011111111000000000000000000000000000000000
0000000000000000000000000000000000000000000000000001111111000000000000000000000000000000000
0000000000000000000000000000000000000000000000000001111110000000000000000000000000000000000
0000000000000000000000000000000000000000000000000011111110000000000000000000000000000000000
0000000000000000000000000000000000000000000000000011111111000000000000000000000000000000000
0000000000000000000000000000000000000000000000000011111111000000000000000000000000000000000
0000000000000000000000000000000000000000000000000111111111000000000000000000000000000000000
0000000000000000000000000000000000000000000000000011111111100000000000000000000000000000000
0000000000000000000000000000000000000000000000000001111111000000000000000000000000000000000
0000000000000000000000000000000000000000000000000001111111100000000000000000000000000000000
0000000000000000000000000000000000000000000000000011111110000000000000000000000000000000000
0000000000000000000000000000000000000000000000000011111111000000000000000000000000000000000
0000000000000000000000000000000000000000000000000001111111110000000000000000000000000000000
0000000000000000000000000000000000000000000000000011111111000000000000000000000000000000000
0000000000000000000000000000000000000000000000000001111111100000000000000000000000000000000
0000000000000000000000000000000000000000000000000000111111100000000000000000000000000000000
0000000000000000000000000000000000000000000000000011111111000000000000000000000000000000000
0000000000000000000000000000000000000000000000000001111111000000000000000000000000000000000
0000000000000000000000000000000000000000000000000011111111000000000000000000000000000000000
0000000000000000000000000000000000000000000000000001111111100000000000000000000000000000000
0000000000000000000000000000000000000000000000000011111111000000000000000000000000000000000
0000000000000000000000000000000000000000000000000011111111100000000000000000000000000000000
0000000000000000000000000000000000000000000000000001111111100000000000000000000000000000000
0000000000000000000000000000000000000000000000000000111111000000000000000000000000000000000
0000000000000000000000000000000000000000000000000001111111000000000000000000000000000000000
0000000000000000000000000000000000000000000000000001111111100000000000000000000000000000000
0000000000000000000000000000000000000000000000000011111110000000000000000000000000000000000
0000000000000000000000000000000000000000000000000011111111000000000000000000000000000000000
0000000000000000000000000000000000000000000000000011111111100000000000000000000000000000000
0000000000000000000000000000000000000000000000000001111110100000000000000000000000000000000
0000000000000000000000000000000000000000000000000011111111000000000000000000000000000000000
0000000000000000000000000000000000000000000000000001111111000000000000000000000000000000000
0000000000000000000000000000000000000000000000000001111111000000000000000000000000000000000
0000000000000000000000000000000000000000000000000001111110000000000000000000000000000000000
0000000000000100100000000000000000000000000000000011111110000000000000000000000000000000000
0000000000000111100000000000000000000000000000000011111110000000000000000000000000000000000
0000000000000001111100000000000000000000000000000110111100000000000000000000000000000000000
0000000000000001111100000000000000000000000000000111111100000000000000000000000000000000000
0000000000000111111110000000000000000000000000000011111111000000000000000000000000000000000
0000000000000011111110000000000000000000000000001101111100000000000000000000000000000000000
0000000000000011111110000000000000000000000000001111111110000000000000000000000000000000000
0000000000000111111111000000000000000000000000000111110110000000000000000000000000000000000
0000000000000111111111000000000000000000000000011011111000000000000000000000000000000000000
0000000000000011111111000000000000000000000000111111111110000000000000000000000000000000000
0000000000000011111111100000000000000000000000001111101100000000000000000000000000000000000
0000000000000011111111110000000000000000000001110111111000000000000000000000000000000000000
0000000000000001111111110110000000000000001001111111111000000000000000000000000000000000000
0000000000000001111111111110100000000000011111111110011000000000000000000000000000000000000
0000000000000000111111111101110000000110011111101110000000000000000000000000000000000000000
0000000000000000111111111101101111000111111011111011110000000000000000000000000000000000000
0000000000000000011111111111101111110111111111111100100000000000000000000000000000000000000
0000000000000000011111111111111101111111111111011100000000000000000000000000000000000000000
0000000000000000001111111111111111111111111111000000000000000000000000000000000000000000000
0000000000000000000011111111111111111111110110000000000000000000000000000000000000000000000
0000000000000000000000111111011111111111110110000000000000000000000000000000000000000000000
0000000000000000000000001111111011111100111110000000000000000000000000000000000000000000000
0000000000000000000000000001111011011001100100000000000000000000000000000000000000000000000
0000000000000000000000000000010110000011000000000000000000000000000000000000000000000000000
0000000000000000000000000000000110000001000000000000000000000000000000000000000000000000000
0000000000000000000000000000000000000000000000000000000000000000000000000000000000000000000
0000000000000000000000000000000000000000000000000000000000000000000000000000000000000000000
0000000000000000000000000000000000000000000000000000000000000000000000000000000000000000000
0000000000000000000000000000000000000000000000000000000000000000000000000000000000000000000
0000000000000000000000000000000000000000000000000000000000000000000000000000000000000000000
0000000000000000000000000000000000000000000000000000000000000000000000000000000000000000000
0000000000000000000000000000000000000000000000000000000000000000000000000000000000000000000
0000000000000000000000000000000000000000000000000000000000000000000000000000000000000000000
0000000000000000000000000000000000000000000000000000000000000000000000000000000000000000000
0000000000000000000000000000000000000000000000000000000000000000000000000000000000000000000
0000000000000000000000000000000000000000000000000000000000000000000000000000000000000000000
0000000000000000000000000000000000000000000000000000000000000000000000000000000000000000000
0000000000000000000000000000000000000000000000000000000000000000000000000000000000000000000
0000000000000000000000000000000000000000000000000000000000000000000000000000000000000000000
0000000000000000000000000000000000000000000000000000000000000000000000000000000000000000000
0000000000000000000000000000000000000000000000000000000000000000000000000000000000000000000
0000000000000000000000000000000000000000000000000000000000000000000000000000000000000000000
0000000000000000000000000000000000000000000000000000000000000000000000000000000000000000000
0000000000000000000000000000000000000000000000000000000000000000000000000000000000000000000