0000000000000000000000000000000000000000000000000000000000000000000000000000000000000000000
0000000000000000000000000000000000000000000000000000000000000000000000000000000000000000000
0000000000000000000000000000000000000000000000000000000000000000000000000000000000000000000
0000000000000000000000000000000000000000000000000000000000000000000000000000000000000000000
0000000000000000000000000000000000000000000000000000000000000000000000000000000000000000000
0000000000000000000000000000000000000000000000000000000000000000000000000000000000000000000
0000000000000000000000000000000000000000000000000000000000000000000000000000000000000000000
0000000000000000000000000000000000000000000000000000000000010000000000000000000000000000000
0000000000000000000000000000000000000000000000001101111111111111000000000000000000000000000
0000000000000000000000000000000000000000000000011111111111111111100000000000000000000000000
0000000000000000000000000000000000000000010001111111111111111111010000000000000000000000000
0000000000000000000000000000000000000000011001111111111111111110011000000000000000000000000
0000000000000000000000000000000000000000001111111111111111111111110000000000000000000000000
0000000000000000000000000000000000000000001111111111111111111111100000000000000000000000000
0000000000000000000000000000000000000000011011111111111111111111110000000000000000000000000
0000000000000000000000000000000000000000010001111111111111111110111000000000000000000000000
0000000000000000000000000000000000000000000000111111111111111110111000000000000000000000000
0000000000000000000000000000000000000000000000011111111111111111000000000000000000000000000
0000000000000000000000000000000000000000000000111111111111111111000000000000000000000000000
0000000000000000000000000000000000000000000001100111111111111110000000000000000000000000000
0000000000000000000000000000000000000000000000001111111111011100000000000000000000000000000
0000000000000000000000000000000000000000000000011001111111111000000000000000000000000000000
0000000000000000000000000000000000000000000000001001111111110000000000000000000000000000000
0000000000000000000000000000000000000000000000000011111111111000000000000000000000000000000
0000000000000000000000000000000000000000000000000111111111001100000000000000000000000000000
0000000000000000000000000000000000000000000000000011111111101000000000000000000000000000000
0000000000000000000000000000000000000000000000000001111111110000000000000000000000000000000
0000000000000000000000000000000000000000000000000011111111100000000000000000000000000000000
0000000000000000000000000000000000000000000000000111011111000000000000000000000000000000000
0000000000000000000000000000000000000000000000000011111111000000000000000000000000000000000
0000000000000000000000000000000000000000000000000001111111100000000000000000000000000000000
0000000000000000000000000000000000000000000000000011111111100000000000000000000000000000000
0000000000000000000000000000000000000000000000000111011111000000000000000000000000000000000
0000000000000000000000000000000000000000000000000011011111000000000000000000000000000000000
0000000000000000000000000000000000000000000000000011111111100000000000000000000000000000000
0000000000000000000000000000000000000000000000000011111111110000000000000000000000000000000
0000000000000000000000000000000000000000000000000110111111001000000000000000000000000000000
0000000000000000000000000000000000000000000000000110011111001100000000000000000000000000000
0000000000000000000000000000000000000000000000000010111111111000000000000000000000000000000
0000000000000000000000000000000000000000000000000001111111110000000000000000000000000000000
0000000000000000000000000000000000000000000000000010111111110000000000000000000000000000000
0000000000000000000000000000000000000000000000000110011111011000000000000000000000000000000
0000000000000000000000000000000000000000000000000010111111011000000000000000000000000000000
0000000000000000000000000000000000000000000000000011111111110000000000000000000000000000000
0000000000000000000000000000000000000000000000000011111111110000000000000000000000000000000
0000000000000000000000000000000000000000000000000110111111011000000000000000000000000000000
0000000000000000000000000000000000000000000000000110111111011000000000000000000000000000000
0000000000000000000000000000000000000000000000000001111111110000000000000000000000000000000
0000000000000000000000000000000000000000000000000001111111100000000000000000000000000000000
0000000000000000000000000000000000000000000000000000111111000000000000000000000000000000000
0000000000000000000000000000000000000000000000000000111110000000000000000000000000000000000
0000000000000000000000000000000000000000000000000011111111000000000000000000000000000000000
0000000000000000000000000000000000000000000000000011111111100000000000000000000000000000000
0000000000000000000000000000000000000000000000000001111111010000000000000000000000000000000
0000000000000000000000000000000000000000000000000000111110011000000000000000000000000000000
0000000000000000000000000000000000000000000000000001111111111000000000000000000000000000000
0000000000000000000000000000000000000000000000000011111111100000000000000000000000000000000
0000000000000000000000000000000000000000000000000001111111100000000000000000000000000000000
0000000000000000000000000000000000000000000000000000111110110000000000000000000000000000000
0000000000000000000000000000000000000000000000000000111110111000000000000000000000000000000
0000000000000000000000000000000000000000000000000001111111110000000000000000000000000000000
0000000000000000000000000000000000000000000000000001111111100000000000000000000000000000000
0000000000000000000000000000000000000000000000000001111111110000000000000000000000000000000
0000000000000000000000000000000000000000000000000000111110111000000000000000000000000000000
0000000000000000000000000000000000000000000000000001111111110000000000000000000000000000000
0000000000000000000000000000000000000000000000000011111111100000000000000000000000000000000
0000000000000000000000000000000000000000000000000001111111110000000000000000000000000000000
0000000000000000000000000000000000000000000000000000111110110000000000000000000000000000000
0000000000000000000000000000000000000000000000000001111110110000000000000000000000000000000
0000000000000000000000000000000000000000000000000011111111100000000000000000000000000000000
0000000000000000000000000000000000000000000000000001111111100000000000000000000000000000000
0000000000000000000000000000000000000000000000000001111110110000000000000000000000000000000
0000000000000010000000000000000000000000000000000001111110110000000000000000000000000000000
0000000000000010110000000000000000000000000000000011111111100000000000000000000000000000000
0000000000001110100000000000000000000000000000000011101111100000000000000000000000000000000
0000000000010111100000000000000000000000000000000001111110110000000000000000000000000000000
0000000000110011111000000000000000000000000000000001111100110000000000000000000000000000000
0000000000110011111000000000000000000000000000000011111110100000000000000000000000000000000
0000000000011111111100000000000000000000000000000011101111000000000000000000000000000000000
0000000000001111011110000000000000000000000000001001111110100000000000000000000000000000000
0000000000000111111100000000000000000000000000011101111100110000000000000000000000000000000
0000000000000011111000000000000000000000000000001111111110110000000000000000000000000000000
0000000000000111111010000000000000000000000000000111111111100000000000000000000000000000000
0000000000001111111110000000000000000000000000001111111110100000000000000000000000000000000
0000000000000111111110000000000000000000000000011111111100110000000000000000000000000000000
0000000000000011111111000000000000000000000000111111111100110000000000000000000000000000000
0000000000000111111111100000000000000000000001111111110110000000000000000000000000000000000
0000000000001110111111110000000000000000000011111111110111000000000000000000000000000000000
0000000000001111111111111001100000000011001111111111111010000000000000000000000000000000000
0000000000000111111111111111000000000001101111111111111100000000000000000000000000000000000
0000000000000111111111111111111111111111111111111111010000000000000000000000000000000000000
0000000000000001111111111111111111111111111111111011100000000000000000000000000000000000000
0000000000000000111111111111111111111111111111111101000000000000000000000000000000000000000
0000000000000000011111111111111111111111111111101110000000000000000000000000000000000000000
0000000000000000001111111111111111111111111111110100000000000000000000000000000000000000000
0000000000000000000111111111111111111111111100111000000000000000000000000000000000000000000
0000000000000000000011111111111111111111111110010000000000000000000000000000000000000000000
0000000000000000000001111111111111111111110011000000000000000000000000000000000000000000000
0000000000000000000000011111111111111111100000000000000000000000000000000000000000000000000
0000000000000000000000000000000001100011000000000000000000000000000000000000000000000000000
0000000000000000000000000000000000000000000000000000000000000000000000000000000000000000000
0000000000000000000000000000000000000000000000000000000000000000000000000000000000000000000
0000000000000000000000000000000000000000000000000000000000000000000000000000000000000000000
0000000000000000000000000000000000000000000000000000000000000000000000000000000000000000000
0000000000000000000000000000000000000000000000000000000000000000000000000000000000000000000
0000000000000000000000000000000000000000000000000000000000000000000000000000000000000000000
0000000000000000000000000000000000000000000000000000000000000000000000000000000000000000000
0000000000000000000000000000000000000000000000000000000000000000000000000000000000000000000
0000000000000000000000000000000000000000000000000000000000000000000000000000000000000000000
0000000000000000000000000000000000000000000000000000000000000000000000000000000000000000000
0000000000000000000000000000000000000000000000000000000000000000000000000000000000000000000
0000000000000000000000000000000000000000000000000000000000000000000000000000000000000000000
0000000000000000000000000000000000000000000000000000000000000000000000000000000000000000000
0000000000000000000000000000000000000000000000000000000000000000000000000000000000000000000
0000000000000000000000000000000000000000000000000000000000000000000000000000000000000000000
0000000000000000000000000000000000000000000000000000000000000000000000000000000000000000000
0000000000000000000000000000000000000000000000000000000000000000000000000000000000000000000