0000000000000000000000000000000000000000000000000000000000000000000000000000000000000000000
0000000000000000000000000000000000000000000000000000000000000000000000000000000000000000000
0000000000000000000000000000000000000000000000000000000000000000000000000000000000000000000
0000000000000000000000000000000000000000000000000000000000000000000000000000000000000000000
0000000000000000000000000000000000000000000000000011000000000000000000000000000000000000000
0000000000000000000000000000000000000000000000001111000100000000000000000000000000000000000
0000000000000000000000000000000000000000000000111011111100000000000000000000000000000000000
0000000000000000000000000000000000000000000011011101111110110000000000000000000000000000000
0000000000000000000000000000000000000000001011011111111111111000000000000000000000000000000
0000000000000000000000000000000000000000011011111111111111111000000000000000000000000000000
0000000000000000000000000000000000000001001101111111111111111100000000000000000000000000000
0000000000000000000000000000000000000001101111111111111111111100010000000000000000000000000
0000000000000000000000000000000000000101111111111111111111111111111000000000000000000000000
0000000000000000000000000000000000000101111111111111111111111111100000000000000000000000000
0000000000000000000000000000000000000111111111111111111111111111001100000000000000000000000
0000000000000000000000000000000000011111111111111111111111111111111100000000000000000000000
0000000000000000000000000000000001111111111111111111111111111111111100000000000000000000000
0000000000000000000000000000000111111111111111111111111111111111100110000000000000000000000
0000000000000000000000000000010110111111111111111111111111111111111111000000000000000000000
0000000000000000000000000000110111111111111111111111111111111111111111000000000000000000000
0000000000000000000000000010111111111111111111111111111111111111111101100000000000000000000
0000000000000000000000000011011111111111111111111111111111111111111111100010000000000000000
0000000000000000000000001011111111111111111111111111111111111111111111111110000000000000000
0000000000000000000000001011111111111111111111111111111111111111111111111110000000000000000
0000000000000000000000001111111111111111111111111111111111111111111111111001000000000000000
0000000000000000000000011111111111111111111111111111111111111111111111111111100000000000000
0000000000000000000001111111111111111111111111111111111111111111111111111111100000000000000
0000000000000000000111111111111111111111111111111111111111111111111111111110110000000000000
0000000000000000011111111111111111111111111111111111111111111111111111111111110000000000000
0000000000000001101111111111111111111111111111111111111111111111111111111111111011000000000
0000000000000101111111111111111111111111111111111111111111111111111111111111111111000000000
0000000000001111111111111111111111111111111111111111111111111111111111111111111100000000000
0000000001111111111111111111111111111111111111111111111111111111111111111111111101110000000
0000000101110111111111111111111111111111111111111111111111111111111111111111111111110000000
0000000110111111111111111111111111111111111111111111111111111111111111111111111111001000000
0000110110111111111111111111111111111111111111111111111111111111111111111111111111111000000
0010010011111111111111111111111111111111111111111111111111111111111111111111111111111101100
0010011111111111111111111111111111111111111111111111111111111111111111111111111111111111110
0011111111111111111111111111111111111111111111111111111111111111111111111111111111111110000
1011111111111111111111111111111111111111111111111111111111111111111111111111111111111110111
1111111111111111111111111111111111111111111111111111111111111111111111111111111111111111111
1111111111111111111111111111111111111111111111111111111111111111111111111111111111111111111
1111111111111111111111111111111111111111111111111111111111111111111111111111111111111111101
1111111111111111111111111111111111111111111111111111111111111111111111111111111111111111111
1111111111111111111111111111111111111111111111111111111111111111111111111111111111111111111
1111111111111111111111111111111111111111111111111111111111111111111111111111111111111111111
1111111111111111111111111111111111111111111111111111111111111111111111111111111111111111111
1111111111111111111111111111111111111111111111111111111111111111111111111111111111111111111
1111111111111111111111111111111111111111111111111111111111111111111111111111111111111111111
1111111111111111111111111111111111111111111111111111111111111111111111111111111111111111111
1111111111111111111111111111111111111111111111111111111111111111111111111111111111111111111
1111111111111111111111111111111111111111111111111111111111111111111111111111111111111111111
1111111111111111111111111111111111111111111111111111111111111111111111111111111111111111111
1111111111111111111111111111111111111111111111111111111111111111111111111111111111111111111
1111111111111111111111111111111111111111111111111111111111111111111111111111111111111111111
1111111111111111111111111111111111111111111111111111111111111111111111111111111111111111111
1111111111111111111111111111111111111111111111111111111111111111111111111111111111111111111
1111111111111111111111111111111111111111111111111111111111111111111111111111111111111111111
1111111111111111111111111111111111111111111111111111111111111111111111111111111111111111111
1111111111111111111111111111111111111111111111111111111111111111111111111111111111111111111
1111111111111111111111111111111111111111111111111111111111111111111111111111111111111111111
1111111111111111111111111111111111111111111111111111111111111111111111111111111111111111111
1111111111111111111111111111111111111111111111111111111111111111111111111111111111111111111
1111111111111111111111111111111111111111111111111111111111111111111111111111111111111111111
1111111111111111111111111111111111111111111111111111111111111111111111111111111111111111111
1111111111111111111111111111111111111111111111111111111111111111111111111111111111111111111
1111111111111111111111111111111111111111111111111111111111111111111111111111111111111111111
1111111111111111111111111111111111111111111111111111111111111111111111111111111111111111111
1111111111111111111111111111111111111111111111111111111111111111111111111111111111111111111
1111111111111111111111111111111111111111111111111111111111111111111111111111111111111111111
1111111111111111111111111111111111111111111111111111111111111111111111111111111111111111111
1111111111111111111111111111111111111111111111111111111111111111111111111111111111111111111
1111111111111111111111111111111111111111111111111111111111111111111111111111111111111111111
1111111111111111111111111111111111111111111111111111111111111111111111111111111111111111111
1111111111111111111111111111111111111111111111111111111111111111111111111111111111111111111
1111111111111111111111111111111111111111111111111111111111111111111111111111111111111111111
1111111111111111111111111111111111111111111111111111111111111111111111111111111111111111111
1111111111111111111111111111111111111111111111111111111111111111111111111111111111111111111
1111111111111111111111111111111111111111111111111111111111111111111111111111111111111111111
1111111111111111111111111111111111111111111111111111111111111111111111111111111111111111111
1111111111111111111111111111111111111111111111111111111111111111111111111111111111111111111
1111111111111111111111111111111111111111111111111111111111111111111111111111111111111111111
1111111111111111111111111111111111111111111111111111111111111111111111111111111111111111111
1111111111111111111111111111111111111111111111111111111111111111111111111111111111111111111
1111111111111111111111111111111111111111111111111111111111111111111111111111111111111111111
1111111111111111111111111111111111111111111111111111111111111111111111111111111111111111111
1111111111111111111111111111111111111111111111111111111111111111111111111111111111111111111
0001111111111111111111111111111111111111111111111111111111111111111111111111111111111111111
1111111111111111111111111111111111111111111111111111111111111111111111111111111111111111111
1110111111111111111111111111111111111111111111111111111111111111111111111111111111111111111
0100111111111111111111111111111111111111111111111111111111111111111111111111111111111111111
0000111001111111111111111111111111111111111111111111111111111111111111111111111111111111111
0011111111111111111111111111111111111111111111111111111111111111111111111111111111111111111
0010001111111111111111111111111111111111111111111111111111111111111111111111111111111111111
0000001100111111111111111111111111111111111111111111111111111111111111111111111111111111111
0000000001111111111111111111111111111111111111111111111111111111111111111111111111111111111
0000000111111111111111111111111111111111111111111111111111111111111111111111111111111111111
0000000010001111111111111111111111111111111111111111111111111111111111111111111111111111110
0000000000000000000000000000000000000000000000000000000000000000000000000000000000000000000
0000000000000000000000000000000000000000000000000000000000000000000000000000000000000000000
0000000000000000000000000000000000000000000000000000000000000000000000000000000000000000000
0000000000000000000000000000000000000000000000000000000000000000000000000000000000000000000
0000000000000000000000000000000000000000000000000000000000000000000000000000000000000000000
0000000000000000000000000000000000000000000000000000000000000000000000000000000000000000000
0000000000000000000000000000000000000000000000000000000000000000000000000000000000000000000
0000000000000000000000000000000000000000000000000000000000000000000000000000000000000000000
0000000000000000000000000000000000000000000000000000000000000000000000000000000000000000000
0000000000000000000000000000000000000000000000000000000000000000000000000000000000000000000
0000000000000000000000000000000000000000000000000000000000000000000000000000000000000000000
0000000000000000000000000000000000000000000000000000000000000000000000000000000000000000000
0000000000000000000000000000000000000000000000000000000000000000000000000000000000000000000
0000000000000000000000000000000000000000000000000000000000000000000000000000000000000000000
0000000000000000000000000000000000000000000000000000000000000000000000000000000000000000000
0000000000000000000000000000000000000000000000000000000000000000000000000000000000000000000
0000000000000000000000000000000000000000000000000000000000000000000000000000000000000000000
0000000000000000000000000000000000000000000000000000000000000000000000000000000000000000000
0000000000000000000000000000000000000000000000000000000000000000000000000000000000000000000