0000000000000000000000000000000000000000000000000000000000000000000000000000000000000000000
0000000000000000000000000000000000000000000000000000000000000000000000000000000000000000000
0000000000000000000000000000000000000000000000000000000000000000000000000000000000000000000
0000000000000000000000000000000000000000000000000000000000000000000000000000000000000000000
0000000000000000000000000000000000000000000000000000000000000000000000000000000000000000000
0000000000000000000000000000000000000000000000000000000000000000000000000000000000000000000
0000000000000000000000000000000000000000000000000000000000000000000000000000000000000000000
0000000000000000000000000000000000000000000000000000000000000000000000000000000000000000000
0000000000000000000000000000000000000000000000000000000011111111110000000000000000000000000
0000000000000000000000000000000000000000000000000000000001111111000000000000000000000000000
0000000000000000000000000000000000000000000000000000000111111111000000000000000000000000000
0000000000000000000000000000000000000000000000000000000111111110000000000000000000000000000
0000000000000000000000000000000000000000000000000000001101111110000000000000000000000000000
0000000000000000000000000000000000000000000000000000011111111111100000000000000000000000000
0000000000000000000000000000000000000000000000000000000111111001000000000000000000000000000
0000000000000000000000000000000000000000000000000000000111111110000000000000000000000000000
0000000000000000000000000000000000000000000000000000000111110110000000000000000000000000000
0000000000000000000000000000000000000000000000000000001111111010000000000000000000000000000
0000000000000000000000000000000000000000000000000000001111111100000000000000000000000000000
0000000000000000000000000000000000000000000000000000011111111100000000000000000000000000000
0000000000000000000000000000000000000000000000000000011101111100000000000000000000000000000
0000000000000000000000000000000000000000000000000000111111111111000000000000000000000000000
0000000000000000000000000000000000000000000000000000111111110000000000000000000000000000000
0000000000000000000000000000000000000000000000000001111111111100000000000000000000000000000
0000000000000000000000000000000000000000000000000001011111100100000000000000000000000000000
0000000000000000000000000000000000000000000000000011011111110000000000000000000000000000000
0000000000000000000000000000000000000000000000000001111111011000000000000000000000000000000
0000000000000000000000000000000000000000000000000100111111100000000000000000000000000000000
0000000000000000000000000000000000000000000000000111111111110000000000000000000000000000000
0000000000000000000000000000000000000000000000000001111110010000000000000000000000000000000
0000000000000000000000000000000000000000000000001111111111100000000000000000000000000000000
0000000000000000000000000000000000000000000000011111111101100000000000000000000000000000000
0000000000000000000000000000000000000000000000111111111110000000000000000000000000000000000
0000000000000000000000000000000000000000000000101111111111000000000000000000000000000000000
0000000000000000000000000000000000000000000000111111111110000000000000000000000000000000000
0000000000000000000000000000000000000000000000111111111111000000000000000000000000000000000
0000000000000000000000000000000000000000000001111111111100000000000000000000000000000000000
0000000000000000000000000000000000000000000011111111111100000000000000000000000000000000000
0000000000000000000000000000000000000000000111111111111000000000000000000000000000000000000
0000000000000000000000000000000000000000000111111111110000000000000000000000000000000000000
0000000000000000000000000000000000000000001101111111111100000000000000000000000000000000000
0000000000000000000000000000000000000000001001011111100100000000000000000000000000000000000
0000000000000000000000000000000000000000000011011111111000000000000000000000000000000000000
0000000000000000000000000000000000000000000001011111011000000000000000000000000000000000000
0000000000000000000000000000000000000000000000111111101000000000000000000000000000000000000
0000000000000000000000000000000000000000000011111111111000000000000000000000000000000000000
0000000000000000000000000000000000000000000001111111110000000000000000000000000000000000000
0000000000000000000000000000000000000000001111111111100000000000000000000000000000000000000
0000000000000000000000000000000000000000000011111111111000000000000000000000000000000000000
0000000000000000000000000000000000000000000010111111000000000000000000000000000000000000000
0000000000000000000000000000000000000000000110111111110000000000000000000000000000000000000
0000000000000000000000000000000000000000000010111110010000000000000000000000000000000000000
0000000000000000000000000000000000000000000001111111000000000000000000000000000000000000000
0000000000000000000000000000000000000000000011111101100000000000000000000000000000000000000
0000000000000000000000000000000000000000001101111100100000000000000000000000000000000000000
0000000000000000000000000000000000000000011111111111000000000000000000000000000000000000000
0000000000000000000000000000000000000111111111111011000000000000000000000000000000000000000
0000000000000000000000000000000000000001111111111110000000000000000000000000000000000000000
0000000000000000000000000000000000000001111111111110000000000000000000000000000000000000000
0000000000000000000000000000000000000001111111111100000000000000000000000000000000000000000
0000000000000000000000000000000000000000111111111110000000000000000000000000000000000000000
0000000000000000000000000000000000000010111111111000000000000000000000000000000000000000000
0000000000000000000000000000000000000011111111111000000000000000000000000000000000000000000
0000000000000000000000000000000000000001111111110000000000000000000000000000000000000000000
0000000000000000000000000000000000000001101111110000000000000000000000000000000000000000000
0000000000000000000000000000000000000011111111111100000000000000000000000000000000000000000
0000000000000000000000000000000000000010111111100000000000000000000000000000000000000000000
0000000000000000000000000000000000000111111111110000000000000000000000000000000000000000000
0000000000000000000000000000000000000001111111110000000000000000000000000000000000000000000
0000000000000000000000000000000000000001111111000000000000000000000000000000000000000000000
0000000000000000000000000000000000000111111111100000000000000000000000000000000000000000000
0000000000000000000000000000000000000011111111100000000000000000000000000000000000000000000
0000000000000000000000000000000000000011111111100000000000000000000000000000000000000000000
0000000000000000000000000000000000000011111111000000000000000000000000000000000000000000000
0000000000000000000000000000000011111111111110000000000000000000000000000000000000000000000
0000000000000000000000000000000011111111111111100000000000000000000000000000000000000000000
0000000000000000000000000000000011111111111100000000000000000000000000000000000000000000000
0000000000000000000000000000000011111111111110000000000000000000000000000000000000000000000
0000000000000000000000000000000011111111111011000000000000000000000000000000000000000000000
0000000000000000000000000000000011111111111100000000000000000000000000000000000000000000000
0000000000000000000000000000000010111111111110000000000000000000000000000000000000000000000
0000000000000000000000000000000011111111110110000000000000000000000000000000000000000000000
0000000000000000000000000000000001111111111100000000000000000000000000000000000000000000000
0000000000000000000000000000000011111111111100000000000000000000000000000000000000000000000
0000000000000000000000000000000011111111111000000000000000000000000000000000000000000000000
0000000000000000000000000000000011111111111100000000000000000000000000000000000000000000000
0000000000000000000000000000000011111111110000000000000000000000000000000000000000000000000
0000000000000000000000000000000011111111111000000000000000000000000000000000000000000000000
0000000000000000000000000000000011111111100000000000000000000000000000000000000000000000000
0000000000000000000000000000000011111111100000000000000000000000000000000000000000000000000
0000000000000000000000000000000011111111000000000000000000000000000000000000000000000000000
0000000000000000000000000000000011111111000000000000000000000000000000000000000000000000000
0000000000000000000000000000000011111111100000000000000000000000000000000000000000000000000
0000000000000000000000000000000011111110100000000000000000000000000000000000000000000000000
0000000000000000000000000000000011111111100000000000000000000000000000000000000000000000000
0000000000000000000000000000000011111111000000000000000000000000000000000000000000000000000
0000000000000000000000000000000011111111000000000000000000000000000000000000000000000000000
0000000000000000000000000000000011111111000000000000000000000000000000000000000000000000000
0000000000000000000000000000000011111110000000000000000000000000000000000000000000000000000
0000000000000000000000000000000011111100000000000000000000000000000000000000000000000000000
0000000000000000000000000000000011111111000000000000000000000000000000000000000000000000000
0000000000000000000000000000000011111000000000000000000000000000000000000000000000000000000
0000000000000000000000000000000011111110000000000000000000000000000000000000000000000000000
0000000000000000000000000000000011110110000000000000000000000000000000000000000000000000000
0000000000000000000000000000000011111000000000000000000000000000000000000000000000000000000
0000000000000000000000000000000011111100000000000000000000000000000000000000000000000000000
0000000000000000000000000000000011101100000000000000000000000000000000000000000000000000000
0000000000000000000000000000000011111000000000000000000000000000000000000000000000000000000
0000000000000000000000000000000011111000000000000000000000000000000000000000000000000000000
0000000000000000000000000000000011110000000000000000000000000000000000000000000000000000000
0000000000000000000000000000000011111100000000000000000000000000000000000000000000000000000
0000000000000000000000000000000011100000000000000000000000000000000000000000000000000000000
0000000000000000000000000000000011110000000000000000000000000000000000000000000000000000000
0000000000000000000000000000000011000000000000000000000000000000000000000000000000000000000
0000000000000000000000000000000011000000000000000000000000000000000000000000000000000000000
0000000000000000000000000000000010000000000000000000000000000000000000000000000000000000000
0000000000000000000000000000000010000000000000000000000000000000000000000000000000000000000