0000000000000000000000000000000000000000000000000000000000000000000000000000000000000000000
0000000000000000000000000000000000000000000000000000000000000000000000000000000000000000000
0000000000000000000000000000000000000000000000000000000000000000000000000000000000000000000
0000000000000000000000000000000000000000000000000000000000000000000000000000000000000000000
0000000000000000000000000000000000000000000000000000000000000000000000000000000000000000000
0000000000000000000000000000000000000000000000000000000000000000000000000000000000000000000
0000000000000000000000000000000000000110010011111100000000000000000000000000000000000000000
0000000000000000000000000000000000000011011111111111100000000000000000000000000000000000000
0000000000000000000000000000000000011011111111111111111100000000000000000000000000000000000
0000000000000000000000000000000010011011111111111111111111000000000000000000000000000000000
0000000000000000000000000000000011001111111111111111111110000000000000000000000000000000000
0000000000000000000000000000000001011111111111111111111111111000000000000000000000000000000
0000000000000000000000000000000001111111111111111111111111100000000000000000000000000000000
0000000000000000000000000000000111111111111111111111111111101100000000000000000000000000000
0000000000000000000000000000010111011111111111111111111111111100000000000000000000000000000
0000000000000000000000000000110011111111110111111111111111110001000000000000000000000000000
0000000000000000000000000000010011111110111010111111111111111111000000000000000000000000000
0000000000000000000000000000011111111111011000000011111111111110000000000000000000000000000
0000000000000000000000000000101111111011000000000001111111111100100000000000000000000000000
0000000000000000000000000001101111111010000000000000011111111111110000000000000000000000000
0000000000000000000000000001100111111000000000000000111011111111000000000000000000000000000
0000000000000000000000000000111111110000000000000000000111111110011000000000000000000000000
0000000000000000000000000001111111100000000000000000001111111111111000000000000000000000000
0000000000000000000000000111111101110000000000000000001001111111100000000000000000000000000
0000000000000000000000000011011111111000000000000000000011111111100100000000000000000000000
0000000000000000000000000011111111100000000000000000000111111111111100000000000000000000000
0000000000000000000000000011111111001100000000000000000110011111110000000000000000000000000
0000000000000000000000001110111111111100000000000000000001111111011000000000000000000000000
0000000000000000000000000100111111110000000000000000000111111111111000000000000000000000000
0000000000000000000000000101111111010000000000000000000001111111111000000000000000000000000
0000000000000000000000000011111110010000000000000000000000111111100000000000000000000000000
0000000000000000000000000011111110111000000000000000000011111111100110000000000000000000000
0000000000000000000000000001111111100000000000000000000110011111111100000000000000000000000
0000000000000000000000000011111110000000000000000000000010011111110000000000000000000000000
0000000000000000000000001111111001100000000000000000000001111111011000000000000000000000000
0000000000000000000000000110111111100000000000000000000001111111011000000000000000000000000
0000000000000000000000000111111111000000000000000000000001111111111000000000000000000000000
0000000000000000000000000111111110000000000000000000000000111111100000000000000000000000000
0000000000000000000000000011111111000000000000000000000011111111110000000000000000000000000
0000000000000000000000000001111111100000000000000000000111011111110000000000000000000000000
0000000000000000000000000011111110100000000000000000000010011111110000000000000000000000000
0000000000000000000000000111111101100000000000000000000001111111001000000000000000000000000
0000000000000000000000000111011101110000000000000000000001110111011100000000000000000000000
0000000000000000000000000011111111000000000000000000000000111111111000000000000000000000000
0000000000000000000000000111111110000000000000000000000000111111100000000000000000000000000
0000000000000000000000011101110111000000000000000000000000011111110000000000000000000000000
0000000000000000000000001001111111000000000000000000000000011111110000000000000000000000000
0000000000000000000000000011111110000000000000000000000000011111110000000000000000000000000
0000000000000000000000000111111100000000000000000000000001111111001000000000000000000000000
0000000000000000000000000111011101000000000000000000000001111111011100000000000000000000000
0000000000000000000000000011111111000000000000000000000000111111111000000000000000000000000
0000000000000000000000000111111111000000000000000000000000111111110000000000000000000000000
0000000000000000000000011111111111000000000000000000000011111111110000000000000000000000000
0000000000000000000000001100111111100000000000000000000011001111111000000000000000000000000
0000000000000000000000000011111110000000000000000000000001011111110000000000000000000000000
0000000000000000000000001111111101110000000000000000000001111111000000000000000000000000000
0000000000000000000000111011111111110000000000000000000000111111100000000000000000000000000
0000000000000000000000011111111111001000000000000000000000111111100000000000000000000000000
0000000000000000000000011111111111011000000000000000000000111111110000000000000000000000000
0000000000000000000000011111111111111000000000000000000011111110110000000000000000000000000
0000000000000000000000111111111111100110000000000000000011101110111000000000000000000000000
0000000000000000001011111111111111111110000000000000000001011111110000000000000000000000000
0000000000000000001111111111111111111111000000000000000001111111000000000000000000000000000
0000000000000000000111111111111111111111110000000000000000111111100000000000000000000000000
0000000000000000000111111111111111111111100000000000000000111111111000000000000000000000000
0000000000000000000011111111111111111111111110000000000000111111110000000000000000000000000
0000000000000000000011111111111111111111111110000000000001111110111000000000000000000000000
0000000000000000000000111111111111111111111111110000000001111111111000000000000000000000000
0000000000000000000000111111111111111111111111000000000001111111110000000000000000000000000
0000000000000000000000101111111111111111111111111110000001111111100000000000000000000000000
0000000000000000000000011111111111111111111111111000000011111111100000000000000000000000000
0000000000000000000000011101111111111111111111111111000111011111110000000000000000000000000
0000000000000000000000001111111111111111111111111111111011111111100000000000000000000000000
0000000000000000000000011111111011101111111111111111111011111110000000000000000000000000000
0000000000000000000000000111011101100111111111111111111111111111000000000000000000000000000
0000000000000000000000000111111110000000111111111111111111111111000000000000000000000000000
0000000000000000000000001111111010000000111111111111111111111111100000000000000000000000000
0000000000000000000000011101110111000000001111111111111111111100110000000000000000000000000
0000000000000000000000001001111111000000011001111111111111111111110000000000000000000000000
0000000000000000000000000111111100100000000001111111111111111111100000000000000000000000000
0000000000000000000000000111111111100000000000111111111111111111000000000000000000000000000
0000000000000000000000000111111111100000000000001111111111111011000000000000000000000000000
0000000000000000000000000011111110110000000000011111111111111111100000000000000000000000000
0000000000000000000000001111111111111000000000001101111111111111000000000000000000000000000
0000000000000000000000011001111111110000000000000111111111111101110000000000000000000000000
0000000000000000000000000001111111111100000000000111111111111111110000000000000000000000000
0000000000000000000000000111111111111110000000100111111111111111101000000000000000000000000
0000000000000000000000000100111111111110000000110011111111111111111000000000000000000000000
0000000000000000000000000000111111111111000000011111111111111111111100000000000000000000000
0000000000000000000000000011101111111111110010111111111111111111111110000000000000000000000
0000000000000000000000000001001111111111111011111111111111111111111111100000000000000000000
0000000000000000000000000000011111111111111111111111111111111111111111111000000000000000000
0000000000000000000000000000110111111111111111111111111111111111111111111100000000000000000
0000000000000000000000000000100011111111111111111111111111111111111111110100000000000000000
0000000000000000000000000000001111111111111111111111111111111111111111100110000000000000000
0000000000000000000000000000000001111111111111111111111111111111111101110100000000000000000
0000000000000000000000000000000001111111111111111111111111111111111111110000000000000000000
0000000000000000000000000000000000011111111111111111011010000111111111100000000000000000000
0000000000000000000000000000000000000001111111111001001100000000000110000000000000000000000
0000000000000000000000000000000000000000000011101001100000000000000000000000000000000000000
0000000000000000000000000000000000000000000000000000000000000000000000000000000000000000000
0000000000000000000000000000000000000000000000000000000000000000000000000000000000000000000
0000000000000000000000000000000000000000000000000000000000000000000000000000000000000000000
0000000000000000000000000000000000000000000000000000000000000000000000000000000000000000000
0000000000000000000000000000000000000000000000000000000000000000000000000000000000000000000
0000000000000000000000000000000000000000000000000000000000000000000000000000000000000000000
0000000000000000000000000000000000000000000000000000000000000000000000000000000000000000000
0000000000000000000000000000000000000000000000000000000000000000000000000000000000000000000
0000000000000000000000000000000000000000000000000000000000000000000000000000000000000000000
0000000000000000000000000000000000000000000000000000000000000000000000000000000000000000000
0000000000000000000000000000000000000000000000000000000000000000000000000000000000000000000
0000000000000000000000000000000000000000000000000000000000000000000000000000000000000000000
0000000000000000000000000000000000000000000000000000000000000000000000000000000000000000000
0000000000000000000000000000000000000000000000000000000000000000000000000000000000000000000
0000000000000000000000000000000000000000000000000000000000000000000000000000000000000000000
0000000000000000000000000000000000000000000000000000000000000000000000000000000000000000000
0000000000000000000000000000000000000000000000000000000000000000000000000000000000000000000