0000000000000000000000000000000000000000000000000000000000000000000000000000000000000000000
0000000000000000000000000000000000000000000000000000000000000000000000000000000000000000000
0000000000000000000000000000000000000000000000000000000000000000000000000000000000000000000
0000000000000000000000000000000000000000000000000000000000000000000000000000000000000000000
0000000000000000000000000000000000000000000000000000000000000000000000000000000000000000000
0000000000000000000000000000000000000000000000000000000000000000000000000000000000000000000
0000000000000000000000000000000000000000000000000000000000000000000000000000000000000000000
0000000000000000000000000000000000000000000000000000000000000000000000000000000000000000000
0000000000000000000000000000000000000000000000000000000000000000000000000000000000000000000
0000000000000000000000000000000000000000000000000000000000000000000000000000000000000000000
0000000000000000000000000000000000000000000000000000000000000000000000000000000000000000000
0000000000000000000000000000000000000000000000000000000000000000000000000000000000000000000
0000000000000000000000000000000000000000110000000000000000000000000000000000000000000000000
0000000000000000000000000000000000000000010011100000000000000000000000000000000000000000000
0000000000000000000000000000000000000000010111111100000000000000000000000000000000000000000
0000000000000000000000000000000000000000111111111000000000000000000000000000000000000000000
0000000000000000000000000000000000000001111111111001000000000000000000000000000000000000000
0000000000000000000000000000000000000001101111111111000000000000000000000000000000000000000
0000000000000000000000000000000000000001111111111000000000000000000000000000000000000000000
0000000000000000000000000000000000000011111111111100100000000000000000000000000000000000000
0000000000000000000000000000000000000111111111111111100000000000000000000000000000000000000
0000000000000000000000000000000000000110011111111110000000000000000000000000000000000000000
0000000000000000000000000000000000000011111111111110000000000000000000000000000000000000000
0000000000000000000000000000000000001111111111111110000000000000000000000000000000000000000
0000000000000000000000000000000000011101111111111111000000000000000000000000000000000000000
0000000000000000000000000000000000001001111111111111000000000000000000000000000000000000000
0000000000000000000000000000000000001111111111111111100000000000000000000000000000000000000
0000000000000000000000000000000000111111111111111110000000000000000000000000000000000000000
0000000000000000000000000000000001100111111111111101100000000000000000000000000000000000000
0000000000000000000000000000000000000111111111111111110000000000000000000000000000000000000
0000000000000000000000000000000000011111111111111111000000000000000000000000000000000000000
0000000000000000000000000000000000011111101111111110011000000000000000000000000000000000000
0000000000000000000000000000000000011101110111111111111000000000000000000000000000000000000
0000000000000000000000000000000000011111110101111111100000000000000000000000000000000000000
0000000000000000000000000000000001111111110000111111101100000000000000000000000000000000000
0000000000000000000000000000000001111111000000001111111100000000000000000000000000000000000
0000000000000000000000000000000001100111000000011111110000000000000000000000000000000000000
0000000000000000000000000000000000111111000000011011110110000000000000000000000000000000000
0000000000000000000000000000000000111111000000001111111110000000000000000000000000000000000
0000000000000000000000000000000000011100100000001111111000000000000000000000000000000000000
0000000000000000000000000000000000011101110000001100111000000000000000000000000000000000000
0000000000000000000000000000000011111111100000000111111000000000000000000000000000000000000
0000000000000000000000000000000011101110000000000111111100000000000000000000000000000000000
0000000000000000000000000000000001110110000000000111111100000000000000000000000000000000000
0000000000000000000000000000000001111111000000000011111100000000000000000000000000000000000
0000000000000000000000000000001111111110000000000011111110000000000000000000000000000000000
0000000000000000000000000000000110111000000000000001111110000000000000000000000000000000000
0000000000000000000000000000000100111100000000000011111111000000000000000000000000000000000
0000000000000000000000000000000111111110000000001111111101000000000000000000000000000000000
0000000000000000000000000000000011111100000000001000111011000000000000000000000000000000000
0000000000000000000000000000000011111110000000000001111111100000000000000000000000000000000
0000000000000000000000000000000011111110000000000111111110000000000000000000000000000000000
0000000000000000000000000000001111111100000000000010011101110000000000000000000000000000000
0000000000000000000000000000001101111000000000000000111111110000000000000000000000000000000
0000000000000000000000000000001011111000000000000011111111000000000000000000000000000000000
0000000000000000000000000000001111111100000000000001101111111000000000000000000000000000000
0000000000000000000000000000000111110100000000000000011111111000000000000000000000000000000
0000000000000000000000000000000011101100000000000000111111100000000000000000000000000000000
0000000000000000000000000000000111111110000000000000111111101100000000000000000000000000000
0000000000000000000000000000011111110000000000000000111111111100000000000000000000000000000
0000000000000000000000000000001101110000000000000001111111110000000000000000000000000000000
0000000000000000000000000000001111111000000000000011011111110110000000000000000000000000000
0000000000000000000000000000011111111000000000000011001111111110000000000000000000000000000
0000000000000000000000000001110111101000000000000001111111111000000000000000000000000000000
0000000000000000000000000000100111111100000000000111111111111000000000000000000000000000000
0000000000000000000000000000011111111100000000001110111111111110000000000000000000000000000
0000000000000000000000000000011111111111000000000100111111111100000000000000000000000000000
0000000000000000000000000000011111111111111100100111111111111100000000000000000000000000000
0000000000000000000000000000011111111111111111111111111111111110000000000000000000000000000
0000000000000000000000000000111111111111111111111111111111111010000000000000000000000000000
0000000000000000000000000001101111111111111111111111111111111111000000000000000000000000000
0000000000000000000000000001100111111111111111111111111111111111000000000000000000000000000
0000000000000000000000000000111111111111111111111111111111111100000000000000000000000000000
0000000000000000000000000000111111111111111111111111111111111011100000000000000000000000000
0000000000000000000000000000111111111111111111111111111111111111100000000000000000000000000
0000000000000000000000000000011111111110111111111111111111111110000000000000000000000000000
0000000000000000000000000011111111110110111000011111111111111111110000000000000000000000000
0000000000000000000000000011101111110111000000000000111111111111110000000000000000000000000
0000000000000000000000000001101111111100000000000000000111111111000000000000000000000000000
0000000000000000000000000001111111110000000000000000000001111111111000000000000000000000000
0000000000000000000000000111111111000000000000000000000001111111111000000000000000000000000
0000000000000000000000000110111011100000000000000000000000111111100000000000000000000000000
0000000000000000000000000100111111100000000000000000000000111111101100000000000000000000000
0000000000000000000000000111111111000000000000000000000000011111111100000000000000000000000
0000000000000000000000011011111100000000000000000000000011111111110000000000000000000000000
0000000000000000000000010011101110000000000000000000000011011111110000000000000000000000000
0000000000000000000000010011111110000000000000000000000000001111111100000000000000000000000
0000000000000000000000011111111100000000000000000000000001111111111000000000000000000000000
0000000000000000000000001111111000000000000000000000000001111111111000000000000000000000000
0000000000000000000000001111111000000000000000000000000000101111111110000000000000000000000
0000000000000000000000001111111000000000000000000000000000111111110100000000000000000000000
0000000000000000000000111111110000000000000000000000000111111111100110000000000000000000000
0000000000000000000000111111100000000000000000000000000011011101110110000000000000000000000
0000000000000000000000010111101000000000000000000000000000011111111000000000000000000000000
0000000000000000000000011111111000000000000000000000000011111111100000000000000000000000000
0000000000000000000000000011000000000000000000000000000000001100000000000000000000000000000
0000000000000000000000000000000000000000000000000000000000001000000000000000000000000000000
0000000000000000000000000000000000000000000000000000000000000000000000000000000000000000000
0000000000000000000000000000000000000000000000000000000000000000000000000000000000000000000
0000000000000000000000000000000000000000000000000000000000000000000000000000000000000000000
0000000000000000000000000000000000000000000000000000000000000000000000000000000000000000000
0000000000000000000000000000000000000000000000000000000000000000000000000000000000000000000
0000000000000000000000000000000000000000000000000000000000000000000000000000000000000000000
0000000000000000000000000000000000000000000000000000000000000000000000000000000000000000000
0000000000000000000000000000000000000000000000000000000000000000000000000000000000000000000
0000000000000000000000000000000000000000000000000000000000000000000000000000000000000000000
0000000000000000000000000000000000000000000000000000000000000000000000000000000000000000000
0000000000000000000000000000000000000000000000000000000000000000000000000000000000000000000
0000000000000000000000000000000000000000000000000000000000000000000000000000000000000000000
0000000000000000000000000000000000000000000000000000000000000000000000000000000000000000000
0000000000000000000000000000000000000000000000000000000000000000000000000000000000000000000
0000000000000000000000000000000000000000000000000000000000000000000000000000000000000000000
0000000000000000000000000000000000000000000000000000000000000000000000000000000000000000000
0000000000000000000000000000000000000000000000000000000000000000000000000000000000000000000
0000000000000000000000000000000000000000000000000000000000000000000000000000000000000000000
0000000000000000000000000000000000000000000000000000000000000000000000000000000000000000000
0000000000000000000000000000000000000000000000000000000000000000000000000000000000000000000