0000000000000000000000000000000000000000000000000000000000000000000000000000000000000000000
0000000000000000000000000000000000000000000000000000000000000000000000000000000000000000000
0000000000000000000000000000000000000000000000000000000000000000000000000000000000000000000
0000000000000000000000000000000000000000000000000000000000000000000000000000000000000000000
0000000000000000000000000000000000000000000000000000000000000000000000000000000000000000000
0000000000000000000000000000000000000000000000000000000000000000000000000000000000000000000
0000000000000000000000000000000000000000000000000000000000000000000000000000000000000000000
0000000000000000000000000000000000000000000000000000000000000000000000000000000000000000000
0000000000000000000000000000000000000000000000000000000000000000000000000000000000000000000
0000000000000000000000000000000000000000000000000000000000000000000000000000000000000000000
0000000000000000000000000000000000000000000000000000000000000000000000000000000000000000000
0000000000000000000000000000000000000000000000000000000000000000000000000000000000000000000
0000000000000000000000000000000000000000000000000000000000000000000000000000000000000000000
0000000000000000000000000000000000000000000000000000000000000000000000000000000000000000000
0000000000000000000000000000000000000000000000000000000000000000000000000000000000000000000
0000000000000000000000000000000000000000000000000000000000000000000000000000000000000000000
0000000000000000000000000000000000000000000000000000000000000000000000000000000000000000000
0000000000000000000000000000000000000000000000000000000000000000000000000000000000000000000
0000000000000000000000000000000000000000000000000000000000000000000000000000000000000000000
0000000000000000000000000000000000000000000000000000000000000000000000000000000000000000000
0000000000000000000000000000000000000000000000000000000000000000000000000000000000000000000
0000000000000000000000000000000000000000000000000000000000000000000000000000000000000000000
0000000000000000000000000000000000000000000000000000000000000000000000000000000000000000000
0000000000000000000000000000000000000000000000000000000000000000000000000000000000000000000
0000000000000000000000000000000000000000000000000000000000000000000000000000000000000000000
0000000000000000000000000000000000000000000000000000000000000000000000000000000000000000000
0000000000000000000000000000000000000000000000000000000000000000000000000000000000000000000
0000000000000000000000000000000000000000000000000000000000000000000000000000000000000000000
0000000000000000000000000000000000000000000000000000000000000000000000000000000000000000000
0000000000000000000000000000000000000000000000000000000000000000000000000000000000000000000
0000000000000000000000000000000000000000000000000000000000000000000000000000000000000000000
0000000000000000000000000000000000000000000000000000000000000000000000000000000000000000000
0000000000000000000000000000000000000000000000000000000000000000000000000000000000000000000
0000000000000000000000000000000000000000000000000000000000000000000000000000000000000000000
0000000000000000000000000000000000000000000000000000000000000000000000000000000000000000000
0000000000000000000000000000000000000000000000000000001110000000000000000000000000000000000
0000000000000000000000000000000000000000000000000000001110000000000000000000000000000000000
0000000000000000000000000000000000000000000000000000000110000000000000000000000000000000000
0000000000000000000000000000000011100000000000000000001111110000000000000000000000000000000
0000000000000000000000000000000011100000000000000000001110110000000000000000000000000000000
0000000000000000000000000000000011111100000000000001111110010000000000000000000000000000000
0000000000000000000000000000000011111000000000000000001101110000000000000000000000000000000
0000000000000000000000000000000111100000000000000000001111110000000000000000000000000000000
0000000000000000000000000000000011111100000000000000001111110000000000000000000000000000000
0000000000000000000000000000000011100000000000000000000001111110000000000000000000000000000
0000000000000000000000000000001111100000000000000000011111110110000000000000000000000000000
0000000000000000000000000000000011111100000000000000011111110000000000000000000000000000000
0000000000000000000000000000111111101100000000000000000011111110000000000000000000000000000
0000000000000000000000000000011111101100000000000000011111111110000000000000000000000000000
0000000000000000000000000000000111111111100000000000011111100000000000000000000000000000000
0000000000000000000000000000111111111111100000000000111111111110000000000000000000000000000
0000000000000000000000000000111111111101100000000000111111111100000000000000000000000000000
0000000000000000000000000000000111111111111111000101111111100000000000000000000000000000000
0000000000000000000000000000111111111111111111111111111111111100000000000000000000000000000
0000000000000000000000000000111111111111011111111111111111111100000000000000000000000000000
0000000000000000000000000000000111111111111111111111111111111100000000000000000000000000000
0000000000000000000000000000111111111111111111111111111111111100000000000000000000000000000
0000000000000000000000000000111111111111111111111111111111111111100000000000000000000000000
0000000000000000000000000000011111111111110111111111111111111100000000000000000000000000000
0000000000000000000000000000111111111110110100100000010011010000000000000000000000000000000
0000000000000000000000000000111111111110110100100000010010011111100000000000000000000000000
0000000000000000000000000000111111100000000100100000010010011101100000000000000000000000000
0000000000000000000000000000111110000000000000000000000000000100000000000000000000000000000
0000000000000000000000000111111100000000000000000000000000011111100000000000000000000000000
0000000000000000000000000001111111000000000000000000000000011111100000000000000000000000000
0000000000000000000000001111110011000000000000000000000000001101100000000000000000000000000
0000000000000000000000000111110001000000000000000000000000111011111100000000000000000000000
0000000000000000000000000001111110000000000000000000000000111111100100000000000000000000000
0000000000000000000000001111111110000000000000000000000000011111100000000000000000000000000
0000000000000000000000001111111110000000000000000000000000111111111100000000000000000000000
0000000000000000000000000011111110000000000000000000000000111111111100000000000000000000000
0000000000000000000000001111111110000000000000000000000000011111000000000000000000000000000
0000000000000000000000001111111100000000000000000000000000100111111000000000000000000000000
0000000000000000000000001111111110000000000000000000000000111111111000000000000000000000000
0000000000000000000000001111111110000000000000000000000000111111000000000000000000000000000
0000000000000000000000111111110000000000000000000000000000000111111000000000000000000000000
0000000000000000000000001101111100000000000000000000000000000111011000000000000000000000000
0000000000000000000000001111100000000000000000000000000000000111011000000000000000000000000
0000000000000000000001111111100000000000000000000000000000000000110000000000000000000000000
0000000000000000000000000000000000000000000000000000000000000000100000000000000000000000000
0000000000000000000000000000000000000000000000000000000000000000100000000000000000000000000
0000000000000000000000000000000000000000000000000000000000000000000000000000000000000000000
0000000000000000000000000000000000000000000000000000000000000000000000000000000000000000000
0000000000000000000000000000000000000000000000000000000000000000000000000000000000000000000
0000000000000000000000000000000000000000000000000000000000000000000000000000000000000000000
0000000000000000000000000000000000000000000000000000000000000000000000000000000000000000000
0000000000000000000000000000000000000000000000000000000000000000000000000000000000000000000
0000000000000000000000000000000000000000000000000000000000000000000000000000000000000000000
0000000000000000000000000000000000000000000000000000000000000000000000000000000000000000000
0000000000000000000000000000000000000000000000000000000000000000000000000000000000000000000
0000000000000000000000000000000000000000000000000000000000000000000000000000000000000000000
0000000000000000000000000000000000000000000000000000000000000000000000000000000000000000000
0000000000000000000000000000000000000000000000000000000000000000000000000000000000000000000
0000000000000000000000000000000000000000000000000000000000000000000000000000000000000000000
0000000000000000000000000000000000000000000000000000000000000000000000000000000000000000000
0000000000000000000000000000000000000000000000000000000000000000000000000000000000000000000
0000000000000000000000000000000000000000000000000000000000000000000000000000000000000000000
0000000000000000000000000000000000000000000000000000000000000000000000000000000000000000000
0000000000000000000000000000000000000000000000000000000000000000000000000000000000000000000
0000000000000000000000000000000000000000000000000000000000000000000000000000000000000000000
0000000000000000000000000000000000000000000000000000000000000000000000000000000000000000000
0000000000000000000000000000000000000000000000000000000000000000000000000000000000000000000
0000000000000000000000000000000000000000000000000000000000000000000000000000000000000000000
0000000000000000000000000000000000000000000000000000000000000000000000000000000000000000000
0000000000000000000000000000000000000000000000000000000000000000000000000000000000000000000
0000000000000000000000000000000000000000000000000000000000000000000000000000000000000000000
0000000000000000000000000000000000000000000000000000000000000000000000000000000000000000000
0000000000000000000000000000000000000000000000000000000000000000000000000000000000000000000
0000000000000000000000000000000000000000000000000000000000000000000000000000000000000000000
0000000000000000000000000000000000000000000000000000000000000000000000000000000000000000000
0000000000000000000000000000000000000000000000000000000000000000000000000000000000000000000
0000000000000000000000000000000000000000000000000000000000000000000000000000000000000000000
0000000000000000000000000000000000000000000000000000000000000000000000000000000000000000000
0000000000000000000000000000000000000000000000000000000000000000000000000000000000000000000
0000000000000000000000000000000000000000000000000000000000000000000000000000000000000000000
0000000000000000000000000000000000000000000000000000000000000000000000000000000000000000000
0000000000000000000000000000000000000000000000000000000000000000000000000000000000000000000