0000000000000000000000000000000000000000000000000000000000000000000000000000000000000000000
0000000000000000000000000000000000000000000000000000000000000000000000000000000000000000000
0000000000000000000000000000000000000000000000000000000000000000000000000000000000000000000
0000000000000000000000000000000000000000000000000000000000000000000000000000000000000000000
0000000000000000000000000000000000000000000000000000000000000000000000000000000000000000000
0000000000000000000000000000000000000000000000000000000000000000000000000000000000000000000
0000000000000000000000000000000000000000000000000000011000000000000000000000000000000000000
0000000000000000000000000000000000000000000000001111111000000000000000000000000000000000000
0000000000000000000000000000000000000000000000111111011000111000000000000000000000000000000
0000000000000000000000000000000000000000000110111111001111111100000000000000000000000000000
0000000000000000000000000000000000000000000111111111111111100000000000000000000000000000000
0000000000000000000000000000000000000000000110111111111111111100000000000000000000000000000
0000000000000000000000000000000000000000000000111111111111111100000000000000000000000000000
0000000000000000000000000000000000000000000001111111111111110000000000000000000000000000000
0000000000000000000000000000000000000000000000011111111111111000000000000000000000000000000
0000000000000000000000000000000000000000000000011111111111110000000000000000000000000000000
0000000000000000000000000000000000000000000011111111111111110000000000000000000000000000000
0000000000000000000000000000000000000000000011001111111111100000000000000000000000000000000
0000000000000000000000000000000000000000000000001111111111100000000000000000000000000000000
0000000000000000000000000000000000000000000001111111111111000000000000000000000000000000000
0000000000000000000000000000000000000000000001101111111111000000000000000000000000000000000
0000000000000000000000000000000000000000000000001111111111000000000000000000000000000000000
0000000000000000000000000000000000000000000000000111111111000000000000000000000000000000000
0000000000000000000000000000000000000000000000000111111110000000000000000000000000000000000
0000000000000000000000000000000000000000000000000111111101100000000000000000000000000000000
0000000000000000000000000000000000000000000000000111111111100000000000000000000000000000000
0000000000000000000000000000000000000000000000000011111100000000000000000000000000000000000
0000000000000000000000000000000000000000000000000011111100000000000000000000000000000000000
0000000000000000000000000000000000000000000000001111111111000000000000000000000000000000000
0000000000000000000000000000000000000000000000011011111110000000000000000000000000000000000
0000000000000000000000000000000000000000000000000011111110000000000000000000000000000000000
0000000000000000000000000000000000000000000000001111111110000000000000000000000000000000000
0000000000000000000000000000000000000000000000001001111110000000000000000000000000000000000
0000000000000000000000000000000000000000000000000011111110000000000000000000000000000000000
0000000000000000000000000000000000000000000000001111111111000000000000000000000000000000000
0000000000000000000000000000000000000000000000001100111111000000000000000000000000000000000
0000000000000000000000000000000000000000000000000011111000000000000000000000000000000000000
0000000000000000000000000000000000000000000000000111111111000000000000000000000000000000000
0000000000000000000000000000000000000000000000000111111110000000000000000000000000000000000
0000000000000000000000000000000000000000000000000111111100000000000000000000000000000000000
0000000000000000000000000000000000000000000000000011111111100000000000000000000000000000000
0000000000000000000000000000000000000000000000000011111100000000000000000000000000000000000
0000000000000000000000000000000000000000000000000011111100000000000000000000000000000000000
0000000000000000000000000000000000000000000000000011111111000000000000000000000000000000000
0000000000000000000000000000000000000000000000000111111110000000000000000000000000000000000
0000000000000000000000000000000000000000000000000001111110000000000000000000000000000000000
0000000000000000000000000000000000000000000000000011111110000000000000000000000000000000000
0000000000000000000000000000000000000000000000001111111111000000000000000000000000000000000
0000000000000000000000000000000000000000000000000011111111000000000000000000000000000000000
0000000000000000000000000000000000000000000000000111111100000000000000000000000000000000000
0000000000000000000000000000000000000000000000000111111111000000000000000000000000000000000
0000000000000000000000000000000000000000000000001111111111000000000000000000000000000000000
0000000000000000000000000000000000000000000000000111111000000000000000000000000000000000000
0000000000000000000000000000000000000000000000000111111111100000000000000000000000000000000
0000000000000000000000000000000000000000000000000011111110000000000000000000000000000000000
0000000000000000000000000000000000000000000000000011111100000000000000000000000000000000000
0000000000000000000000000000000000000000000000001111111111110000000000000000000000000000000
0000000000000000000000000000000000000000000000011111111110000000000000000000000000000000000
0000000000000000000000000000000000000000000000000011111110000000000000000000000000000000000
0000000000000000000000000000000000000000000000011111111111100000000000000000000000000000000
0000000000000000000000000000000000000000000000001111111110000000000000000000000000000000000
0000000000000000000000000000000000000000000000000001111110000000000000000000000000000000000
0000000000000000000000000000000000000000000000001111111111000000000000000000000000000000000
0000000000000000000000000000000000000000000000001110111111000000000000000000000000000000000
0000000000000000000000000000000000000000000000000001111111000000000000000000000000000000000
0000000000000000000000000000000000000000000000000111111111000000000000000000000000000000000
0000000000000000000000000000000000000000000000000111111111100000000000000000000000000000000
0000000000000000000000000000000000000000000000000011111110000000000000000000000000000000000
0000000000000000000000000000000000000000000000000111111101100000000000000000000000000000000
0000000000000000000000000000000000000000000000000011111111000000000000000000000000000000000
0000000000000000000000000000000000000000000000000011111100000000000000000000000000000000000
0000000000000000000000000000000000000000000000000011111110000000000000000000000000000000000
0000000000000000000000000000000000000000000000000111111110000000000000000000000000000000000
0000000000000000000000000000000000000000000000000001111110000000000000000000000000000000000
0000000000000001000000000000000000000000000000000011111110000000000000000000000000000000000
0000000000000011000000000000000000000000000000001111111110000000000000000000000000000000000
0000000000000011000000000000000000000000000000001001111111000000000000000000000000000000000
0000000000000001111100000000000000000000000000000111111110000000000000000000000000000000000
0000000000000111111100000000000000000000000000000111111110000000000000000000000000000000000
0000000000011111100000000000000000000000000000000111111100000000000000000000000000000000000
0000000000011111111100000000000000000000000000001111111000000000000000000000000000000000000
0000000000010011111110000000000000000000000000011111111100000000000000000000000000000000000
0000000000000011111110110000000000000000000000011111111100000000000000000000000000000000000
0000000000011111111110110000000000000000000000111111111000000000000000000000000000000000000
0000000000001001111110010001000000000000000000111111110000000000000000000000000000000000000
0000000000000001111110111111000000000000000001111111110000000000000000000000000000000000000
0000000000001111111111111011000000000000000011111111110000000000000000000000000000000000000
0000000000001000111111111001111000000000001111111111100000000000000000000000000000000000000
0000000000000000111111111111011100000011101111111111000000000000000000000000000000000000000
0000000000000000110111111111100101111111101111111001000000000000000000000000000000000000000
0000000000000000000111111111111111111101111111111100000000000000000000000000000000000000000
0000000000000000000011111111111111111111111111111100000000000000000000000000000000000000000
0000000000000000000010011111111111111111111111100000000000000000000000000000000000000000000
0000000000000000000011011111111111111111111110100000000000000000000000000000000000000000000
0000000000000000000011110001111111111111111111100000000000000000000000000000000000000000000
0000000000000000000000001101111111111111111111000000000000000000000000000000000000000000000
0000000000000000000000001111111101110111111100000000000000000000000000000000000000000000000
0000000000000000000000001001001110111110000000000000000000000000000000000000000000000000000
0000000000000000000000000000000110100000000000000000000000000000000000000000000000000000000
0000000000000000000000000000000000000000000000000000000000000000000000000000000000000000000
0000000000000000000000000000000000000000000000000000000000000000000000000000000000000000000
0000000000000000000000000000000000000000000000000000000000000000000000000000000000000000000
0000000000000000000000000000000000000000000000000000000000000000000000000000000000000000000
0000000000000000000000000000000000000000000000000000000000000000000000000000000000000000000
0000000000000000000000000000000000000000000000000000000000000000000000000000000000000000000
0000000000000000000000000000000000000000000000000000000000000000000000000000000000000000000
0000000000000000000000000000000000000000000000000000000000000000000000000000000000000000000
0000000000000000000000000000000000000000000000000000000000000000000000000000000000000000000
0000000000000000000000000000000000000000000000000000000000000000000000000000000000000000000
0000000000000000000000000000000000000000000000000000000000000000000000000000000000000000000
0000000000000000000000000000000000000000000000000000000000000000000000000000000000000000000
0000000000000000000000000000000000000000000000000000000000000000000000000000000000000000000
0000000000000000000000000000000000000000000000000000000000000000000000000000000000000000000
0000000000000000000000000000000000000000000000000000000000000000000000000000000000000000000
0000000000000000000000000000000000000000000000000000000000000000000000000000000000000000000
0000000000000000000000000000000000000000000000000000000000000000000000000000000000000000000
0000000000000000000000000000000000000000000000000000000000000000000000000000000000000000000