0000000000000000000000000000000000000000000000000000000000000000000000000000000000000000000
0000000000000000000000000000000000000000000000000000000000000000000000000000000000000000000
0000000000000000000000000000000000000000000000000000000000000000000000000000000000000000000
0000000000000000000000000000000000000000000000000000000000000000000000000000000000000000000
0000000000000000000000000000000000000000000000000000000000000000000000000000000000000000000
0000000000000000000000000000000000000000000000000000000000000000000000000000000000000000000
0000000000000000000000000000000000000000000000000000000000000000000000000000000000000000000
0000000000000000000000000000000000000000000000000000000000000000000000000000000000000000000
0000000000000000000000000000000000000000000000000000000000000000000000000000000000000000000
0000000000000000000000000000000000000000000000000000000000000000000000000000000000000000000
0000000000000000000000000000000000000000000000000000000000000000000000000000000000000000000
0000000000000000000000000000000000000000000000000000000000000000000000000000000000000000000
0000000000000000000000000000000000000000000000000000000000000000000000000000000000000000000
0000000000000000000000000000000000000000000000000000000000000000000000000000000000000000000
0000000000000000000000000000000000000000000000000000000000000000000000000000000000000000000
0000000000000000000000000000000000000000000000000000000000000000000000000000000000000000000
0000000000000000000000000000000000000000000000000000000000000000000000000000000000000000000
0000000000000000000000000000000000000000000000000000000000000000000000000000000000000000000
0000000000000000000000000000000000000000000000000000000000000000000000000000000000000000000
0000000000000000000000000000000000000000000000000000000000000000000000000000000000000000000
0000000000000000000000000000000000000000000000000000000000000000000000000000000000000000000
0000000000000000000000000000000000000000000000000000000000000000000000000000000000000000000
0000000000000000000000000000000000000000000000000000001100000000000000000000000000000000000
0000000000000000000000000000000000000000000000000000111110000000000000000000000000000000000
0000000000000000000000000000000000000000000000000111111110000000000000000000000000000000000
0000000000000000000000000000000000000000000000011111111110000000000000000000000000000000000
0000000000000000000000000000000000000000000000111111111110000000000000000000000000000000000
0000000000000000000000000000000000000000000001111111111110000000000000000000000000000000000
0000000000000000000000000000000000000000000111111111111110000000000000000000000000000000000
0000000000000000000000000000000000000000001111111111111110000000000000000000000000000000000
0000000000000000000000000000000000000000001111111111111110000000000000000000000000000000000
0000000000000000000000000000000000000001111111111111111110000000000000000000000000000000000
0000000000000000000000000000000000000001111111111111111110000000000000000000000000000000000
0000000000000000000000000000000000000001111111111111111110000000000000000000000000000000000
0000000000000000000000000000000000000001111111111111111110000000000000000000000000000000000
0000000000000000000000000000000000000011111111111111111110000000000000000000000000000000000
0000000000000000000000000000000000000011111111111111111110000000000000000000000000000000000
0000000000000000000000000000000000000011111111111111111110000000000000000000000000000000000
0000000000000000000000000000000000011111111111111111111110000000000000000000000000000000000
0000000000000000000000000000000000000111111111111111111110000000000000000000000000000000000
0000000000000000000000000000000000111111111111111111111110000000000000000000000000000000000
0000000000000000000000000000000001011111111111111111111110000000000000000000000000000000000
0000000000000000000000000000000001111111111111111111111110000000000000000000000000000000000
0000000000000000000000000000001101111111111111111111111110000000000000000000000000000000000
0000000000000000000000000000001111111111111111111111111110000000000000000000000000000000000
0000000000000000000000000000001111111111111111111111111110000000000000000000000000000000000
0000000000000000000000000000001011111111111111111111111110000000000000000000000000000000000
0000000000000000000000000000011111111111111111111111111110000000000000000000000000000000000
0000000000000000000000000000000111111111111111111111111110000000000000000000000000000000000
0000000000000000000000000000000111111111111111111111111110000000000000000000000000000000000
0000000000000000000000000000000111111111111111111111111110000000000000000000000000000000000
0000000000000000000000000000000011111111111111111111111110000000000000000000000000000000000
0000000000000000000000000000000001111111111111111111111110000000000000000000000000000000000
0000000000000000000000000000001111111111111111111111111110000000000000000000000000000000000
0000000000000000000000000000000001111111111111111111111110000000000000000000000000000000000
0000000000000000000000000000000001111111111111111111111110000000000000000000000000000000000
0000000000000000000000000000001111111111111111111111111110000000000000000000000000000000000
0000000000000000000000000000000011111111111111111111111110000000000000000000000000000000000
0000000000000000000000000000000011111111111111111111111110000000000000000000000000000000000
0000000000000000000000000000000111111111111111111111111110000000000000000000000000000000000
0000000000000000000000000000000110111111111111111111111110000000000000000000000000000000000
0000000000000000000000000000000111111111111111111111111110000000000000000000000000000000000
0000000000000000000000000000001011111111111111111111111110000000000000000000000000000000000
0000000000000000000000000000001001111111111111111111111110000000000000000000000000000000000
0000000000000000000000000000001111111111111111111111111110000000000000000000000000000000000
0000000000000000000000000000000011111111111111111111111110000000000000000000000000000000000
0000000000000000000000000000000011111111111111111111111110000000000000000000000000000000000
0000000000000000000000000000001111111111111111111111111110000000000000000000000000000000000
0000000000000000000000000000000011111111111111111111111110000000000000000000000000000000000
0000000000000000000000000000000111111111111111111111111110000000000000000000000000000000000
0000000000000000000000000000000111111111111111111111111110000000000000000000000000000000000
0000000000000000000000000000000111111111111111111111111110000000000000000000000000000000000
0000000000000000000000000000111111111111111111111111111110000000000000000000000000000000000
0000000000000000000000000000001111111111111111111111111110000000000000000000000000000000000
0000000000000000000000000000001111111111111111111111111110000000000000000000000000000000000
0000000000000000000000000000011111111111111111111111111110000000000000000000000000000000000
0000000000000000000000000000010001111111111111111111111110000000000000000000000000000000000
0000000000000000000000000000000010011111111111111111111110000000000000000000000000000000000
0000000000000000000000000000000011111111111111111111111110000000000000000000000000000000000
0000000000000000000000000000000000111111111111111111111110000000000000000000000000000000000
0000000000000000000000000000000100111111111111111111111110000000000000000000000000000000000
0000000000000000000000000000000111111111111111111111111110000000000000000000000000000000000
0000000000000000000000000000000000111111111111111111111110000000000000000000000000000000000
0000000000000000000000000000000000001011111111111111111110000000000000000000000000000000000
0000000000000000000000000000000000011011111111111111111110000000000000000000000000000000000
0000000000000000000000000000000000011111111111111111111110000000000000000000000000000000000
0000000000000000000000000000000000000011111111111111111110000000000000000000000000000000000
0000000000000000000000000000000000000111111111111111111110000000000000000000000000000000000
0000000000000000000000000000000000000000000000000000000000000000000000000000000000000000000
0000000000000000000000000000000000000000000000000000000000000000000000000000000000000000000
0000000000000000000000000000000000000000000000000000000000000000000000000000000000000000000
0000000000000000000000000000000000000000000000000000000000000000000000000000000000000000000
0000000000000000000000000000000000000000000000000000000000000000000000000000000000000000000
0000000000000000000000000000000000000000000000000000000000000000000000000000000000000000000
0000000000000000000000000000000000000000000000000000000000000000000000000000000000000000000
0000000000000000000000000000000000000000000000000000000000000000000000000000000000000000000
0000000000000000000000000000000000000000000000000000000000000000000000000000000000000000000
0000000000000000000000000000000000000000000000000000000000000000000000000000000000000000000
0000000000000000000000000000000000000000000000000000000000000000000000000000000000000000000
0000000000000000000000000000000000000000000000000000000000000000000000000000000000000000000
0000000000000000000000000000000000000000000000000000000000000000000000000000000000000000000
0000000000000000000000000000000000000000000000000000000000000000000000000000000000000000000
0000000000000000000000000000000000000000000000000000000000000000000000000000000000000000000
0000000000000000000000000000000000000000000000000000000000000000000000000000000000000000000
0000000000000000000000000000000000000000000000000000000000000000000000000000000000000000000
0000000000000000000000000000000000000000000000000000000000000000000000000000000000000000000
0000000000000000000000000000000000000000000000000000000000000000000000000000000000000000000
0000000000000000000000000000000000000000000000000000000000000000000000000000000000000000000
0000000000000000000000000000000000000000000000000000000000000000000000000000000000000000000
0000000000000000000000000000000000000000000000000000000000000000000000000000000000000000000
0000000000000000000000000000000000000000000000000000000000000000000000000000000000000000000
0000000000000000000000000000000000000000000000000000000000000000000000000000000000000000000
0000000000000000000000000000000000000000000000000000000000000000000000000000000000000000000
0000000000000000000000000000000000000000000000000000000000000000000000000000000000000000000
0000000000000000000000000000000000000000000000000000000000000000000000000000000000000000000
0000000000000000000000000000000000000000000000000000000000000000000000000000000000000000000
0000000000000000000000000000000000000000000000000000000000000000000000000000000000000000000