0000000000000000000000000000000000000000000000000000000000000000000000000000000000000000000
0000000000000000000000000000000000000000000000000000000000000000000000000000000000000000000
0000000000000000000000000000000000000000000000000000000000000000000000000000000000000000000
0000000000000000000000000000000000000000000000000000000000000000000000000000000000000000000
0000000000000000000000000000000000000000000000000000000000000000000000000000000000000000000
0000000000000000000000000000000000000000000000000000000000000000000000000000000000000000000
0000000000000000000000000000000000000000000000000000000000000000000000000000000000000000000
0000000000000000000000000000000000000000000000000000000000000000000000000000000000000000000
0000000000000000000000000000000000000000000000000000000000000000000000000000000000000000000
0000000000000000000000000000000000000000000000000000000000000000000000000000000000000000000
0000000000000000000000000000000000000000000000000000000000000000000000000000000000000000000
0000000000000000000000000000000000000000000000000000000000000000000000000000000000000000000
0000000000000000000000000000000000000000000000000000000000000000000000000000000000000000000
0000000000000000000000000000000000000000000000000000000000000000000000000000000000000000000
0000000000000000000000000001001011000000000000000000000000000100000000010000000000000000000
0000000000000000000000001001001111110100000000000000000000110110010011111000000000000000000
0000000000000000000000001001111111111100000000000000000111111110011111111110000000000000000
0000000000000000000000001111111111111111110000000000000111111111111111111111000000000000000
0000000000000000000000000111111111111111000000000000000111111111111111111111000000000000000
0000000000000000000000000001111111111110010000000000000011111111111111111110000000000000000
0000000000000000000000000011111111111110011000000000001111111111111111111000000000000000000
0000000000000000000000000011111111111111110000000000000001111111111111011100000000000000000
0000000000000000000000000011011111111110000000000000000001111111111011101100000000000000000
0000000000000000000000000001111111111001000000000000000111111111111111101100000000000000000
0000000000000000000000000001111111111001100000000000001110111111111111100000000000000000000
0000000000000000000000000001111111111111000000000000000100111111111100000000000000000000000
0000000000000000000000000000111111111000000000000000000111111111110110000000000000000000000
0000000000000000000000000000111111100100000000000000011111111111110110000000000000000000000
0000000000000000000000000000111111101110000000000000110011111101110110000000000000000000000
0000000000000000000000000000011111111100000000000000010011111111110000000000000000000000000
0000000000000000000000000011111111110000000000000000000111111111000000000000000000000000000
0000000000000000000000000011011110110000000000000000111111111011000000000000000000000000000
0000000000000000000000000000001111111000000000000011001111110011000000000000000000000000000
0000000000000000000000000001111111111000000000000001001111111111000000000000000000000000000
0000000000000000000000000001110111000000000000000001011111111100000000000000000000000000000
0000000000000000000000000001100111011100000000000011111111110100000000000000000000000000000
0000000000000000000000000000111111111100000000001110111111001100000000000000000000000000000
0000000000000000000000000011111111100000000000000110111011101100000000000000000000000000000
0000000000000000000000000000011111100000000000000101111111101000000000000000000000000000000
0000000000000000000000000000011111110000000000000111111111000000000000000000000000000000000
0000000000000000000000000001111111110000000000111111111100000000000000000000000000000000000
0000000000000000000000000011101111010000000110011111111110000000000000000000000000000000000
0000000000000000000000000001001111111000000010011011111110000000000000000000000000000000000
0000000000000000000000000000111111111000000010011111111111000000000000000000000000000000000
0000000000000000000000000001111111100000000011111111111001000000000000000000000000000000000
0000000000000000000000000000110111011100001111111110111001000000000000000000000000000000000
0000000000000000000000000000111111111101001101111111111001000000000000000000000000000000000
0000000000000000000000000001111111111001101101111111111000000000000000000000000000000000000
0000000000000000000000000000011111111111101111111111100100000000000000000000000000000000000
0000000000000000000000000000011111111111111111111111101100000000000000000000000000000000000
0000000000000000000000000000111111110111111111111111111100000000000000000000000000000000000
0000000000000000000000000011101111111111111111111111110000000000000000000000000000000000000
0000000000000000000000000001001111111111111111111110110000000000000000000000000000000000000
0000000000000000000000000000011111111111111111111111110000000000000000000000000000000000000
0000000000000000000000000001111111111111111111111111111000000000000000000000000000000000000
0000000000000000000000000000111111111111111111111111011000000000000000000000000000000000000
0000000000000000000000000000111111111111111111111111111000000000000000000000000000000000000
0000000000000000000000000001111111111111111111111111111100000000000000000000000000000000000
0000000000000000000000000000011111111111111111111111100100000000000000000000000000000000000
0000000000000000000000000000011111111111111111111111111100000000000000000000000000000000000
0000000000000000000000000000111111111111111111111111111110000000000000000000000000000000000
0000000000000000000000000011111111111111111111111111110000000000000000000000000000000000000
0000000000000000000000000001101111111111111111111111111110000000000000000000000000000000000
0000000000000000000000000001001111111111111111111111111111000000000000000000000000000000000
0000000000000000000000000001111111111111111111111111111000000000000000000000000000000000000
0000000000000000000000000000111111111111111000001111111011100000000000000000000000000000000
0000000000000000000000000000111111111111000000000111111111100000000000000000000000000000000
0000000000000000000000000000111111111110000000000111111100000000000000000000000000000000000
0000000000000000000000000011111111110110000000000111111101110000000000000000000000000000000
0000000000000000000000000011011111110111000000000001111111110000000000000000000000000000000
0000000000000000000000000010011111111110000000000011111111000000000000000000000000000000000
0000000000000000000000000001111111111000000000000011111110111000000000000000000000000000000
0000000000000000000000000001111111011000000000000001111111111000000000000000000000000000000
0000000000000000000000000001111111011100000000000001111111100000000000000000000000000000000
0000000000000000000000000000111111111000000000000000111111111100000000000000000000000000000
0000000000000000000000000111111111100000000000000000011111111100000000000000000000000000000
0000000000000000000000000110111111100000000000000000111111110000000000000000000000000000000
0000000000000000000000000000011111110000000000000000011111111110000000000000000000000000000
0000000000000000000000000011111111110000000000000000010111111110000000000000000000000000000
0000000000000000000000000011111110010000000000000000011111111011000000000000000000000000000
0000000000000000000000000011001110111000000000000000001111111111000000000000000000000000000
0000000000000000000000000001111111111000000000000000001011111111000000000000000000000000000
0000000000000000000000000001111111000000000000000000001111111101100000000000000000000000000
0000000000000000000000000001111111000100000000000000000111111111100000000000000000000000000
0000000000000000000000000000111111111100000000000000000101111111100000000000000000000000000
0000000000000000000000000011111111100000000000000000000111111111110000000000000000000000000
0000000000000000000000000111011101100000000000000000000011111111110000000000000000000000000
0000000000000000000000000110011111110000000000000000000011111111111100000000000000000000000
0000000000000000000000000001111111110000000000000000000111111111111000000000000000000000000
0000000000000000000000001111111111000000000000000000011111111111111011000000000000000000000
0000000000000000000000011001111110111000000000000000001101111111111110000000000000000000000
0000000000000000000000011001111111111000000000000000001001111111111100000000000000000000000
0000000000000000000000000111111111100000000000000000000111111111111111110000000000000000000
0000000000000000000000011111111111011100000000000000000111111111111111000000000000000000000
0000000000000000000001110111111111111100000000000000000111111111111111110000000000000000000
0000000000000000000001100111111111111000000000000000000111111111111111111000000000000000000
0000000000000000000000101111111111111110000000000000011111111111111111100000000000000000000
0000000000000000000001111111111111111111000000000000011111111111111111111000000000000000000
0000000000000000000001111111111111111001000000000000011111111111111111111100000000000000000
0000000000000000000000101111111111111011000000000000011111111111111111110000000000000000000
0000000000000000000000000001111110011011000000000000000111111111111111100000000000000000000
0000000000000000000000000000000000001000000000000000000000011111111100100000000000000000000
0000000000000000000000000000000000000000000000000000000000000011000000000000000000000000000
0000000000000000000000000000000000000000000000000000000000000000000000000000000000000000000
0000000000000000000000000000000000000000000000000000000000000000000000000000000000000000000
0000000000000000000000000000000000000000000000000000000000000000000000000000000000000000000
0000000000000000000000000000000000000000000000000000000000000000000000000000000000000000000
0000000000000000000000000000000000000000000000000000000000000000000000000000000000000000000
0000000000000000000000000000000000000000000000000000000000000000000000000000000000000000000
0000000000000000000000000000000000000000000000000000000000000000000000000000000000000000000
0000000000000000000000000000000000000000000000000000000000000000000000000000000000000000000
0000000000000000000000000000000000000000000000000000000000000000000000000000000000000000000
0000000000000000000000000000000000000000000000000000000000000000000000000000000000000000000
0000000000000000000000000000000000000000000000000000000000000000000000000000000000000000000
0000000000000000000000000000000000000000000000000000000000000000000000000000000000000000000
0000000000000000000000000000000000000000000000000000000000000000000000000000000000000000000
0000000000000000000000000000000000000000000000000000000000000000000000000000000000000000000