0000000000000000000000000000000000000000000000000000000000000000000000000000000000000000000
0000000000000000000000000000000000000000000000000000000000000000000000000000000000000000000
0000000000000000000000000000000000000000000000000000000000000000000000000000000000000000000
0000000000000000000000000000000000000000000000000000000000000000000000000000000000000000000
0000000000000000000000000000000000000000000000000000000000000000000000000000000000000000000
0000000000000000000000000000000000000000000000000000000000000000000000000000000000000000000
0000000000000000000000000000000000000000000000000000000000000000000000000000000000000000000
0000000000000000000000000000000000000000000000000000000000000000000000000000000000000000000
0000000000000000000000000000000000000000000000000000000000000000000000000000000000000000000
0000000000000000000000000000000000000000000000000000000000000000000000000000000000000000000
0000000000000000000000000000000000000000000000000000000000000000000000000000000000000000000
0000000000000000000000000000000000000000000000000000000000000000010000000000000000000000000
0000000000000000000000000000100000000000000000000000000000000000110010000000000000000000000
0000000000000000000000000000111100000000000000000000000000000100110111010000000000000000000
0000000000000000000000000000111111100000000000000000000000001111100110111100000000000000000
0000000000000000000000000111000111111000000000000000000001001111111100111000000000000000000
0000000000000000000000000011111111111100000000000000000001111111111111011000000000000000000
0000000000000000000000000011111111111110000000000000000000011111111111111000000000000000000
0000000000000000000000000011111111111110000000000000000000011111111111110000000000000000000
0000000000000000000000000011111111111110000000000000000000111111111110010000000000000000000
0000000000000000000000000011111111111110000000000000000000111111111111000000000000000000000
0000000000000000000000000001111111111110000000000000000000111111111111100000000000000000000
0000000000000000000000000001111111111100000000000000000000111111111100100000000000000000000
0000000000000000000000000000111111111100000000000000000000111111111000000000000000000000000
0000000000000000000000000000111111111100000000000000000000011111111111000000000000000000000
0000000000000000000000000000111111111000000000000000000001101111111001000000000000000000000
0000000000000000000000000000111111111000000000000000000001111111110000000000000000000000000
0000000000000000000000000000011111111000000000000000000000111110010000000000000000000000000
0000000000000000000000000000001111110000000000000000000011011111110000000000000000000000000
0000000000000000000000000000011111111000000000000000000011111111100000000000000000000000000
0000000000000000000000000000011111111100000000000000111111111100000000000000000000000000000
0000000000000000000000000000011111110000000000000000000111111000000000000000000000000000000
0000000000000000000000000000111111111100000000000000000111111111000000000000000000000000000
0000000000000000000000000000111111111100000000000001111111111000000000000000000000000000000
0000000000000000000000000000011111110100000000000001111111110000000000000000000000000000000
0000000000000000000000000001110111111000000000000000001111111110000000000000000000000000000
0000000000000000000000000000111111111000000000000011111111110000000000000000000000000000000
0000000000000000000000000000001111111000000000000011111111100000000000000000000000000000000
0000000000000000000000000000001111111000000000000000011110000000000000000000000000000000000
0000000000000000000000000000011111111100000000000111111111100000000000000000000000000000000
0000000000000000000000000000011111111110000001000111111011000000000000000000000000000000000
0000000000000000000000000000111111111100000001111111111000000000000000000000000000000000000
0000000000000000000000000000111111111100010001101111111111000000000000000000000000000000000
0000000000000000000000000000111111111100011110001111110111000000000000000000000000000000000
0000000000000000000000000000011111111100000011111111110000000000000000000000000000000000000
0000000000000000000000000001111111111110100011111111111110000000000000000000000000000000000
0000000000000000000000000000111111111110111111111111101110000000000000000000000000000000000
0000000000000000000000000000001111111110111111111111110000000000000000000000000000000000000
0000000000000000000000000001111111111111100111111111111100000000000000000000000000000000000
0000000000000000000000000000011111111111111111111111001100000000000000000000000000000000000
0000000000000000000000000000011111111111111111111111110000000000000000000000000000000000000
0000000000000000000000000000111111111111111111111111111000000000000000000000000000000000000
0000000000000000000000000000111111111111111111111111111000000000000000000000000000000000000
0000000000000000000000000000111111111111111111111111110000000000000000000000000000000000000
0000000000000000000000000000111111111111111111111111110000000000000000000000000000000000000
0000000000000000000000000001111111111111111111111111111000000000000000000000000000000000000
0000000000000000000000000000111111111111111111111111111000000000000000000000000000000000000
0000000000000000000000000001001111111111111111111111111100000000000000000000000000000000000
0000000000000000000000000001111111111111111111111111111110000000000000000000000000000000000
0000000000000000000000000000011111111111111111111111111110000000000000000000000000000000000
0000000000000000000000000000011111111111111110001111111111000000000000000000000000000000000
0000000000000000000000000000111111111111111111110111111111100000000000000000000000000000000
0000000000000000000000000000111111111111100111110111111111100000000000000000000000000000000
0000000000000000000000000000111111111111111100010011111111110000000000000000000000000000000
0000000000000000000000000000111111111111111100000011111111110000000000000000000000000000000
0000000000000000000000000001111111111111000100000000111111110000000000000000000000000000000
0000000000000000000000000000111111111111000000000000011111111000000000000000000000000000000
0000000000000000000000000001111111111101000000000000011111111000000000000000000000000000000
0000000000000000000000000000111111111110000000000000001111111000000000000000000000000000000
0000000000000000000000000000011111111110000000000000011111111100000000000000000000000000000
0000000000000000000000000001111111111100000000000000001111111100000000000000000000000000000
0000000000000000000000000000111111111110000000000000000111111110000000000000000000000000000
0000000000000000000000000000111111111100000000000000000111111110000000000000000000000000000
0000000000000000000000000000111111111100000000000000000111111111000000000000000000000000000
0000000000000000000000000000111111111100000000000000000011111111100000000000000000000000000
0000000000000000000000000000111111111000000000000000000011111111100000000000000000000000000
0000000000000000000000000000011111111100000000000000000001111111100000000000000000000000000
0000000000000000000000000000111111111000000000000000000011111111110000000000000000000000000
0000000000000000000000000000011111111100000000000000000001111111110000000000000000000000000
0000000000000000000000000000011111110110000000000000000000111111110000000000000000000000000
0000000000000000000000000000011111110000000000000000000001111111111000000000000000000000000
0000000000000000000000000000011111111100000000000000000000111111111100000000000000000000000
0000000000000000000000000000111111101100000000000000000000011111111100000000000000000000000
0000000000000000000000000000101111110000000000000000000000011111111100000000000000000000000
0000000000000000000000000000111111111100000000000000000000001111111110000000000000000000000
0000000000000000000000000000111111111000000000000000000000001111111110000000000000000000000
0000000000000000000000000001001111111000000000000000000000001111111111000000000000000000000
0000000000000000000000000001111111111100000000000000000000011111111111000000000000000000000
0000000000000000000000000001111111111100000000000000000000011111111111100000000000000000000
0000000000000000000000000011011111111100000000000000000000011111111111110000000000000000000
0000000000000000000000000011111111111110000000000000000000111011111111110000000000000000000
0000000000000000000000000111111111111110000000000000000000111111111111110000000000000000000
0000000000000000000000000110111111111111000000000000000000111111111111111000000000000000000
0000000000000000000000000111111111111111100000000000000000010111111111111100000000000000000
0000000000000000000000000111111111111111100000000000000000011111111111111100000000000000000
0000000000000000000000001101111111111111110000000000000000111111111111111100000000000000000
0000000000000000000000001111111111111001110000000000000000000111111111111110000000000000000
0000000000000000000000011111111111111111000000000000000000001111111111111111000000000000000
0000000000000000000000000111111110001110000000000000000000011101111111110000000000000000000
0000000000000000000000000100111111110000000000000000000000010001100111110000000000000000000
0000000000000000000000000100100011110000000000000000000000000011101100000000000000000000000
0000000000000000000000000000100000000000000000000000000000000000011100000000000000000000000
0000000000000000000000000000000000000000000000000000000000000000000000000000000000000000000
0000000000000000000000000000000000000000000000000000000000000000000000000000000000000000000
0000000000000000000000000000000000000000000000000000000000000000000000000000000000000000000
0000000000000000000000000000000000000000000000000000000000000000000000000000000000000000000
0000000000000000000000000000000000000000000000000000000000000000000000000000000000000000000
0000000000000000000000000000000000000000000000000000000000000000000000000000000000000000000
0000000000000000000000000000000000000000000000000000000000000000000000000000000000000000000
0000000000000000000000000000000000000000000000000000000000000000000000000000000000000000000
0000000000000000000000000000000000000000000000000000000000000000000000000000000000000000000
0000000000000000000000000000000000000000000000000000000000000000000000000000000000000000000
0000000000000000000000000000000000000000000000000000000000000000000000000000000000000000000
0000000000000000000000000000000000000000000000000000000000000000000000000000000000000000000
0000000000000000000000000000000000000000000000000000000000000000000000000000000000000000000
0000000000000000000000000000000000000000000000000000000000000000000000000000000000000000000
0000000000000000000000000000000000000000000000000000000000000000000000000000000000000000000