0000000000000000000000000000000000000000000000000000000000000000000000000000000000000000000
0000000000000000000000000000000000000000000000000000000000000000000000000000000000000000000
0000000000000000000000000000000000000000000000000000000000000000000000000000000000000000000
0000000000000000000000000000000000000000000000000000000000000000000000000000000000000000000
0000000000000000000000000000000000000000000000000000000000000000000000000000000000000000000
0000000000000000000000000000000000000000000000000000000000000000000000000000000000000000000
0000000000000000000000000000000000000000000000000000000000000000000000000000000000000000000
0000000000000000000000000000000000000000000000000000000000000000000000000000000000000000000
0000000000000000000000000000000000000000000000000000000000000000000000000000000000000000000
0000000000000000000000000000000000000000000000000000000000000000000000000000000000000000000
0000000000000000000000000000000000000000000000000000000000000000000000000000000000000000000
0000000000000000000000000000000000000000000000000000000000000000000000000000000000000000000
1000100100010000000000000000000000000000000000000000000000000000000000000000000000000000000
1111110111111010100000000000000000000000000000000000000000000000000000000000000000000000000
1111111111111111111100100000000000000000000000000000000000000000000000000000000000000000000
1111111111111111111111111011110000000000000000000000000000000000000000000000000000000000000
1111111111111111111111111111111111100000000000000000000000000000000000000000000000000000000
1111111111111111111111111111111111111111100011000000000000000000000000000000000000000000000
1111111111111111111111111111111111111111111111101110110010000000000000000000000000000000000
1111111111111111111111111111111111111111111111111111111111110101000000000000000000000000000
1111111111111111111111111111111111111111111111111111111111111111101111110111000001000000000
1111111111111111111111111111111111111111111111111111111111111111111111111111111111100100000
1111111111111111111111111111111111111111111111111111111111111111111111111111111111111100000
1111111111111111111111111111111111111111111111111111111111111111111111111111111111111100000
1111111111111111111111111111111111111111111111111111111111111111111111111111111111111100000
1111111111111111111111111111111111111111111111111111111111111111111111111111111111111100000
1111111111111111111111111111111111111111111111111111111111111111111111111111111111111100000
1111111111111111111111111111111111111111111111111111111111111111111111111111111111111100000
0011111111111111111111111111111111111111111111111111111111111111111111111111111111111100000
0001100001111111111111111111111111111111111111111111111111111111111111111111111111111100000
0000000000001111111111111111111111111111111111111111111111111111111111111111111111111100000
0000000001100111111111111111111111111111111111111111111111111111111111111111111111111100000
0000001100100111111111111111111111111111111111111111111111111111111111111111111111111100000
1110100100111111111111111111111111111111111111111111111111111111111111111111111111111100000
1100100111111111111111111111111111111111111111111111111111111111111111111111111111111100000
1111110111111111111111111111111111111111111111111111111111111111111111101111111111111100000
1111111111111111111111111111111111111111111111111111111111111111111111101111111111111100000
1111111111111111111111111111111111111111111111111111111111111111111101110111111111111100000
1111111111111111111111111111111111111111111111111110111111011111101110111110111111111100000
1111111111111111111111111111111111111111111111111111011001101101110110110111111111111100000
1111111111111111111111111111111111111111111111111111000001000101110110111111111111111100000
1111111111111111111111111111111111111111111111111111011011001111111111111111111111111100000
1111111111111111111111111111111111111111111111111111111101111110111111111111111111111100000
1111111111111111111111111111111111111111111111111111111111111111111111111111111111111100000
1111111111111111111111111111111111111111111111111111111111111111111111111111111111111100000
1111111111111111111111111111111111111111111111111111111111111111111111111111111111111100000
1111111111111111111111111111111111111111111111111111111111111111111111111111111111111100000
1111111111111111111111111111111111111111111111111111111111111111111111111111111111111100000
1111111111111111111111111111111111111111111111111111111111111111111111111111111111111100000
1111111111111111111111111111111111111111111111111111111111111111111111111111111111111100000
1111111111111111111111111111111111111111111111111111111111111111111111111111111111111100000
1111111111111111111111111111111111111111111111111111111111111111111111111111111111111100000
1111111111111111111111111111111111111111111111111111111111111111111111111111111111111100000
1111111111111111111111111111111111111111111111111111111111111111111111111111111111111100000
1111111111111111111111111111111111111111111111111111111111111111111111111111111111111100000
1111111111111111111111111111111111111111111111111111111111111111111111111111111111111100000
1111111111111111111111111111111111111111111111111111111111111111111111111111111111111100000
1111111111111111111111111111111111111111111111111111111111111111111111111111111111111100000
1111111111111111111111111111111111111111111111111111111111111111111111111111111111111100000
1111111111111111011111111111111111111111111111111111111111111111111111111111111111111100000
0111110111111011101100010111111111111111111111111111111111111111111111111111111111111100000
0000011011001101100000000111111111111111111111111111111111111111111111111111111111111100000
0000000010000100000000000000111111111111111111111111111111111111111111111111111111111100000
0000000000000000000000000000111111111111111111111111111111111111111111111111111111111100000
0000000000000000000000000000011111111111111111111111111111111111111111111111111111111100000
0000000000000000000000000000000111111111111111111111111111111111111111111111111111111100000
0000000000000000000000000000001111111111111111111111111111111111111111111111111111111100000
0000000000000000000000000001100110111111111111111111111111111111111111111111111111111100000
0000000000000000000000000100110111111111111111111111111111111111111111111111111111111100000
0000000000000000000000000110111111111111111111111111111111111111111111111111111111111100000
0000000000000000000000110110111111111111111111111111111111111111111111111111111111111100000
0000000000001000000110110011111111111111111111111111111111111111111111111111111111111100000
0000000000111111011111011111111111111111111111111111111111111111111111111111111111111100000
0000000000000111111111111111111111111111111111111111111111111111111111111111111111111100000
0000000000000111111111111111111111111111111111111111111111111111111111111111111111111100000
0000000000000011111111111111111111111111111111111111111111111111111111111111111111111100000
0000000000000011111111111111111111111111111111111111111111111111111111111111111111111100000
0000000000000011111111111111111111111111111111111111111111111111111111111111111111111100000
0000000000000001111111111111111111111111111111111111111111111111111111111111111111111100000
0000000000000000111111111111111111111111111111111111111111111111111111111111111111111100000
0000000000000000111111111111111111111111111111111111111111111111111111111111111111111100000
0000000000000000000011111111111111111111111111111111111111111111111111111111111111111100000
0000000000000000001111111111111111111111111111111111111111111111111111111111111111111100000
0000000000000000000001111111111111111111111111111111111111111111111111111111111111111100000
0000000000000000000001111111111111111111111111111111111111111111111111111111111111111100000
0000000000000000000000111111111111111111111111111111111111111111111111111111111111111100000
0000000000000000000000001111111111111111111111111111111111111111111111111111111111111100000
0000000000000000000000011111111111111111111111111111111111111111111111111111111111111100000
0000000000000000000000000001111111111111111111111111111111111111111111111111111111111100000
0000000000000000000000000000111111111111111111111111111111111111111111111111111111111100000
0000000000000000000000000000111111111111111111111111111111111111111111111111111111111100000
0000000000000000000000000000011111111111111111111111111111111111111111111111111111111100000
0000000000000000000000000000011001111111111111111111111111111111111111111111111111111100000
0000000000000000000000000000000111111111111111111111111111111111111111111111111111111100000
0000000000000000000000000000001100111111111111111111111111111111111111111111111111111100000
0000000000000000000000000000000000111111111111111111111111111111111111111111111111111100000
0000000000000000000000000000000000011111111111111111111111111111111111111111111111111100000
0000000000000000000000000000000000000111111111111111111111111111111111111111111111111100000
0000000000000000000000000000000000001111111111111111111111111111111111111111111111111100000
0000000000000000000000000000000000000000111111111111111111111111111111111111111111111100000
0000000000000000000000000000000000000000111111111111111111111111111111111111111111111100000
0000000000000000000000000000000000000000010111111111111111111111111111111111111111111100000
0000000000000000000000000000000000000000011111111111111111111111111111111111111111111100000
0000000000000000000000000000000000000000001100111111111111111111111111111111111111111100000
0000000000000000000000000000000000000000000011111111111111111111111111111111111111111100000
0000000000000000000000000000000000000000000000011111111111111111111111111111111111111100000
0000000000000000000000000000000000000000000000011111111111111111111111111111111111111100000
0000000000000000000000000000000000000000000000000001111111111111111111111111111111111100000
0000000000000000000000000000000000000000000000000000111111111111111111111111111111111100000
0000000000000000000000000000000000000000000000000000001111111111111111111111111111111100000
0000000000000000000000000000000000000000000000000000000011111111111111111111111111111100000
0000000000000000000000000000000000000000000000000000000000111111111111111111111111111100000
0000000000000000000000000000000000000000000000000000000000001111111111111111111111111100000
0000000000000000000000000000000000000000000000000000000000000111111111111111111111111100000
0000000000000000000000000000000000000000000000000000000000000010011111111111111111111100000
0000000000000000000000000000000000000000000000000000000000000000111111111111111111111100000
0000000000000000000000000000000000000000000000000000000000000000000111111111111111111100000