0000000000000000000000000000000000000110111111111110000000000000000000000000000000000000000
0000000000000000000000000000000000000000111111111110000000000000000000000000000000000000000
0000000000000000000000000000000000000001111111111110000000000000000000000000000000000000000
0000000000000000000000000000000000000000111111111110000000000000000000000000000000000000000
0000000000000000000000000000000000000000001111111110000000000000000000000000000000000000000
0000000000000000000000000000000000000000111111111110000000000000000000000000000000000000000
0000000000000000000000000000000000000000000111111110000000000000000000000000000000000000000
0000000000000000000000000000000000000000000111111110000000000000000000000000000000000000000
0000000000000000000000000000000000000000111111111110000000000000000000000000000000000000000
0000000000000000000000000000000000000000000111111110000000000000000000000000000000000000000
0000000000000000000000000000000000000000111111111110000000000000000000000000000000000000000
0000000000000000000000000000000000000000111111111110000000000000000000000000000000000000000
0000000000000000000000000000000000000000000111111110000000000000000000000000000000000000000
0000000000000000000000000000000000000000011111111110000000000000000000000000000000000000000
0000000000000000000000000000000000000000011111111110000000000000000000000000000000000000000
0000000000000000000000000000000000000000000111111110000000000000000000000000000000000000000
0000000000000000000000000000000000000000011111111110000000000000000000000000000000000000000
0000000000000000000000000000000000000000011111111110000000000000000000000000000000000000000
0000000000000000000000000000000000000000000011111110000000000000000000000000000000000000000
0000000000000000000000000000000000000000011111111110000000000000000000000000000000000000000
0000000000000000000000000000000000000000000011111110000000000000000000000000000000000000000
0000000000000000000000000000000000000000000011111110000000000000000000000000000000000000000
0000000000000000000000000000000000000000011111111110000000000000000000000000000000000000000
0000000000000000000000000000000000000000000011111110000000000000000000000000000000000000000
0000000000000000000000000000000000000000011111111110000000000000000000000000000000000000000
0000000000000000000000000000000000000000011111111110000000000000000000000000000000000000000
0000000000000000000000000000000000000000000011111110000000000000000000000000000000000000000
0000000000000000000000000000000000000000011111111110000000000000000000000000000000000000000
0000000000000000000000000000000000000000011011111110000000000000000000000000000000000000000
0000000000000000000000000000000000000000000011111110000000000000000000000000000000000000000
0000000000000000000000000000000000000000011111111110000000000000000000000000000000000000000
0000000000000000000000000000000000000000011011111110000000000000000000000000000000000000000
0000000000000000000000000000000000000000000011111110000000000000000000000000000000000000000
0000000000000000000000000000000000000000011111111110000000000000000000000000000000000000000
0000000000000000000000000000000000000000011011111110000000000000000000000000000000000000000
0000000000000000000000000000000000000000000011111110000000000000000000000000000000000000000
0000000000000000000000000000000000000000011111111110000000000000000000000000000000000000000
0000000000000000000000000000000000000000011111111110000000000000000000000000000000000000000
0000000000000000000000000000000000000000000011111110000000000000000000000000000000000000000
0000000000000000000000000000000000000000011111111110000000000000000000000000000000000000000
0000000000000000000000000000000000000000011111111110000000000000000000000000000000000000000
0000000000000000000000000000000000000000011111111110000000000000000000000000000000000000000
0000000000000000000000000000000000000000011111111110000000000000000000000000000000000000000
0000000000000000000000000000000000000000001111111110000000000000000000000000000000000000000
0000000000000000000000000000000000000001111111111110000000000000000000000000000000000000000
0000000000000000000000000000000000000000001111111110000000000000000000000000000000000000000
0000000000000000000000000000000000000000001111111110000000000000000000000000000000000000000
0000000000000000000000000000000000000001111111111110000000000000000000000000000000000000000
0000000000000000000000000000000000000001001111111110000000000000000000000000000000000000000
0000000000000000000000000000000000000001001111111110000000000000000000000000000000000000000
0000000000000000000000000000000000000001111111111110000000000000000000000000000000000000000
0000000000000000000000000000000000000001111111111110000000000000000000000000000000000000000
0000000000000000000000000000000000000001111111111110000000000000000000000000000000000000000
0000000000000000000000000000000000000001111111111110000000000000000000000000000000000000000
0000000000000000000000000000000000000001111111111110000000000000000000000000000000000000000
0000000000000000000000000000000000000001111111111110000000000000000000000000000000000000000
0000000000000000000000000000000000000001111111111110000000000000000000000000000000000000000
0000000000000000000000000000000000000001111111111110000000000000000000000000000000000000000
0000000000000000000000000000000000000111111111111110000000000000000000000000000000000000000
0000000000000000000000000000000000000001111111111110000000000000000000000000000000000000000
0000000000000000000000000000000000000001111111111110000000000000000000000000000000000000000
0000000000000000000000000000000000001111111111111110000000000000000000000000000000000000000
0000000000000000000000000000000000000001111111111110000000000000000000000000000000000000000
0000000000000000000000000000000000000001111111111110000000000000000000000000000000000000000
0000000000000000000000000000000000000111111111111110000000000000000000000000000000000000000
0000000000000000000000000000000000000001111111111110000000000000000000000000000000000000000
0000000000000000000000000000000000000001111111111110000000000000000000000000000000000000000
0000000000000000000000000000000000000001111111111110000000000000000000000000000000000000000
0000000000000000000000000000000000000001111111111110000000000000000000000000000000000000000
0000000000000000000000000000000000000000111111111110000000000000000000000000000000000000000
0000000000000000000000000000000000000000111111111110000000000000000000000000000000000000000
0000000000000000000000000000000000000000011111111110000000000000000000000000000000000000000
0000000000000000000000000000000000000000011111111110000000000000000000000000000000000000000
0000000000000000000000000000000000000000001111111110000000000000000000000000000000000000000
0000000000000000000000000000000000000000000111111110000000000000000000000000000000000000000
0000000000000000000000000000000000000000111111111110000000000000000000000000000000000000000
0000000000000000000000000000000000000000110111111110000000000000000000000000000000000000000
0000000000000000000000000000000000000000000111111110000000000000000000000000000000000000000
0000000000000000000000000000000000000000111111111110000000000000000000000000000000000000000
0000000000000000000000000000000000000000111111111110000000000000000000000000000000000000000
0000000000000000000000000000000000000000000111111110000000000000000000000000000000000000000
0000000000000000000000000000000000000000111111111110000000000000000000000000000000000000000
0000000000000000000000000000000000000000000111111110000000000000000000000000000000000000000
0000000000000000000000000000000000000000000111111110000000000000000000000000000000000000000
0000000000000000000000000000000000000000111111111110000000000000000000000000000000000000000
0000000000000000000000000000000000000000000111111110000000000000000000000000000000000000000
0000000000000000000000000000000000000000000111111110000000000000000000000000000000000000000
0000000000000000000000000000000000000000111111111110000000000000000000000000000000000000000
0000000000000000000000000000000000000000000111111110000000000000000000000000000000000000000
0000000000000000000000000000000000000000111111111110000000000000000000000000000000000000000
0000000000000000000000000000000000000000000111111110000000000000000000000000000000000000000
0000000000000000000000000000000000000000000111111110000000000000000000000000000000000000000
0000000000000000000000000000000000000000111111111110000000000000000000000000000000000000000
0000000000000000000000000000000000000000100111111110000000000000000000000000000000000000000
0000000000000000000000000000000000000000000111111110000000000000000000000000000000000000000
0000000000000000000000000000000000000000111111111110000000000000000000000000000000000000000
0000000000000000000000000000000000000000111111111110000000000000000000000000000000000000000
0000000000000000000000000000000000000000000111111110000000000000000000000000000000000000000
0000000000000000000000000000000000000000111111111110000000000000000000000000000000000000000
0000000000000000000000000000000000000000111111111110000000000000000000000000000000000000000
0000000000000000000000000000000000000000000111111110000000000000000000000000000000000000000
0000000000000000000000000000000000000000011111111110000000000000000000000000000000000000000
0000000000000000000000000000000000000000011111111110000000000000000000000000000000000000000
0000000000000000000000000000000000000000001111111110000000000000000000000000000000000000000
0000000000000000000000000000000000000000011111111110000000000000000000000000000000000000000
0000000000000000000000000000000000000000011111111110000000000000000000000000000000000000000
0000000000000000000000000000000000000000011111111110000000000000000000000000000000000000000
0000000000000000000000000000000000000000011111111110000000000000000000000000000000000000000
0000000000000000000000000000000000000000011111111110000000000000000000000000000000000000000
0000000000000000000000000000000000000000011111111110000000000000000000000000000000000000000
0000000000000000000000000000000000000000011111111110000000000000000000000000000000000000000
0000000000000000000000000000000000000000011111111110000000000000000000000000000000000000000
0000000000000000000000000000000000000000011111111110000000000000000000000000000000000000000
0000000000000000000000000000000000000000011111111110000000000000000000000000000000000000000
0000000000000000000000000000000000000000011111111110000000000000000000000000000000000000000
0000000000000000000000000000000000000000011111111110000000000000000000000000000000000000000
0000000000000000000000000000000000000000011111111110000000000000000000000000000000000000000