0000000000000000000000000000000000011111111111111111110000000000000000000000000000000000000
0000000000000000000000000000000000000111111111111111110000000000000000000000000000000000000
0000000000000000000000000000000000000111111111111111110000000000000000000000000000000000000
0000000000000000000000000000000000011111111111111111110000000000000000000000000000000000000
0000000000000000000000000000000000000011111111111111110000000000000000000000000000000000000
0000000000000000000000000000000000000011111111111111110000000000000000000000000000000000000
0000000000000000000000000000000000000011111111111111110000000000000000000000000000000000000
0000000000000000000000000000000000000011111111111111110000000000000000000000000000000000000
0000000000000000000000000000000000000011111111111111110000000000000000000000000000000000000
0000000000000000000000000000000000000011111111111111110000000000000000000000000000000000000
0000000000000000000000000000000000000011111111111111110000000000000000000000000000000000000
0000000000000000000000000000000000001111111111111111110000000000000000000000000000000000000
0000000000000000000000000000000000000011111111111111110000000000000000000000000000000000000
0000000000000000000000000000000000000011111111111111110000000000000000000000000000000000000
0000000000000000000000000000000000011111111111111111110000000000000000000000000000000000000
0000000000000000000000000000000000000011111111111111110000000000000000000000000000000000000
0000000000000000000000000000000000000011111111111111110000000000000000000000000000000000000
0000000000000000000000000000000000011111111111111111110000000000000000000000000000000000000
0000000000000000000000000000000000000011111111111111110000000000000000000000000000000000000
0000000000000000000000000000000000000011111111111111110000000000000000000000000000000000000
0000000000000000000000000000000000011111111111111111110000000000000000000000000000000000000
0000000000000000000000000000000000000011111111111111110000000000000000000000000000000000000
0000000000000000000000000000000000000011111111111111110000000000000000000000000000000000000
0000000000000000000000000000000000000011111111111111110000000000000000000000000000000000000
0000000000000000000000000000000000000011111111111111110000000000000000000000000000000000000
0000000000000000000000000000000000000011111111111111110000000000000000000000000000000000000
0000000000000000000000000000000000000011111111111111110000000000000000000000000000000000000
0000000000000000000000000000000000000011111111111111110000000000000000000000000000000000000
0000000000000000000000000000000000011111111111111111110000000000000000000000000000000000000
0000000000000000000000000000000000000011111111111111110000000000000000000000000000000000000
0000000000000000000000000000000000000011111111111111110000000000000000000000000000000000000
0000000000000000000000000000000000000111111111111111110000000000000000000000000000000000000
0000000000000000000000000000000000000011111111111111110000000000000000000000000000000000000
0000000000000000000000000000000000000011111111111111110000000000000000000000000000000000000
0000000000000000000000000000000000000011111111111111110000000000000000000000000000000000000
0000000000000000000000000000000000000011111111111111110000000000000000000000000000000000000
0000000000000000000000000000000000000011111111111111110000000000000000000000000000000000000
0000000000000000000000000000000000000001111111111111110000000000000000000000000000000000000
0000000000000000000000000000000000000001111111111111110000000000000000000000000000000000000
0000000000000000000000000000000000000000111111111111110000000000000000000000000000000000000
0000000000000000000000000000000000000000011111111111110000000000000000000000000000000000000
0000000000000000000000000000000000000000011111111111110000000000000000000000000000000000000
0000000000000000000000000000000000000001111111111111110000000000000000000000000000000000000
0000000000000000000000000000000000000001111111111111110000000000000000000000000000000000000
0000000000000000000000000000000000000001001111111111110000000000000000000000000000000000000
0000000000000000000000000000000000000001111111111111110000000000000000000000000000000000000
0000000000000000000000000000000000000001111111111111110000000000000000000000000000000000000
0000000000000000000000000000000000000001111111111111110000000000000000000000000000000000000
0000000000000000000000000000000000001111111111111111110000000000000000000000000000000000000
0000000000000000000000000000000000000001111111111111110000000000000000000000000000000000000
0000000000000000000000000000000000000001111111111111110000000000000000000000000000000000000
0000000000000000000000000000000000001111111111111111110000000000000000000000000000000000000
0000000000000000000000000000000000000001111111111111110000000000000000000000000000000000000
0000000000000000000000000000000000000001111111111111110000000000000000000000000000000000000
0000000000000000000000000000000000000001111111111111110000000000000000000000000000000000000
0000000000000000000000000000000000000001111111111111110000000000000000000000000000000000000
0000000000000000000000000000000000001111111111111111110000000000000000000000000000000000000
0000000000000000000000000000000000000001111111111111110000000000000000000000000000000000000
0000000000000000000000000000000000000001111111111111110000000000000000000000000000000000000
0000000000000000000000000000000000000111111111111111110000000000000000000000000000000000000
0000000000000000000000000000000000000001111111111111110000000000000000000000000000000000000
0000000000000000000000000000000000000001111111111111110000000000000000000000000000000000000
0000000000000000000000000000000000000001111111111111110000000000000000000000000000000000000
0000000000000000000000000000000000000001111111111111110000000000000000000000000000000000000
0000000000000000000000000000000000000001111111111111110000000000000000000000000000000000000
0000000000000000000000000000000000000001111111111111110000000000000000000000000000000000000
0000000000000000000000000000000000000001111111111111110000000000000000000000000000000000000
0000000000000000000000000000000000000001111111111111110000000000000000000000000000000000000
0000000000000000000000000000000000000111111111111111110000000000000000000000000000000000000
0000000000000000000000000000000000000001111111111111110000000000000000000000000000000000000
0000000000000000000000000000000000000011111111111111110000000000000000000000000000000000000
0000000000000000000000000000000000000111111111111111110000000000000000000000000000000000000
0000000000000000000000000000000000000001111111111111110000000000000000000000000000000000000
0000000000000000000000000000000000000111111111111111110000000000000000000000000000000000000
0000000000000000000000000000000000000111111111111111110000000000000000000000000000000000000
0000000000000000000000000000000000000000111111111111110000000000000000000000000000000000000
0000000000000000000000000000000000000111111111111111110000000000000000000000000000000000000
0000000000000000000000000000000000000011111111111111110000000000000000000000000000000000000
0000000000000000000000000000000000000000111111111111110000000000000000000000000000000000000
0000000000000000000000000000000000000111111111111111110000000000000000000000000000000000000
0000000000000000000000000000000000000000111111111111110000000000000000000000000000000000000
0000000000000000000000000000000000000000111111111111110000000000000000000000000000000000000
0000000000000000000000000000000000000111111111111111110000000000000000000000000000000000000
0000000000000000000000000000000000000110111111111111110000000000000000000000000000000000000
0000000000000000000000000000000000000100111111111111110000000000000000000000000000000000000
0000000000000000000000000000000000000111111111111111110000000000000000000000000000000000000
0000000000000000000000000000000000000111111111111111110000000000000000000000000000000000000
0000000000000000000000000000000000111111111111111111110000000000000000000000000000000000000
0000000000000000000000000000000000000111111111111111110000000000000000000000000000000000000
0000000000000000000000000000000000000111111111111111110000000000000000000000000000000000000
0000000000000000000000000000000000000111111111111111110000000000000000000000000000000000000
0000000000000000000000000000000000000111111111111111110000000000000000000000000000000000000
0000000000000000000000000000000000000111111111111111110000000000000000000000000000000000000
0000000000000000000000000000000000000111111111111111110000000000000000000000000000000000000
0000000000000000000000000000000000000111111111111111110000000000000000000000000000000000000
0000000000000000000000000000000000000111111111111111110000000000000000000000000000000000000
0000000000000000000000000000000000000111111111111111110000000000000000000000000000000000000
0000000000000000000000000000000000000111111111111111110000000000000000000000000000000000000
0000000000000000000000000000000000000000111111111111110000000000000000000000000000000000000
0000000000000000000000000000000000000111111111111111110000000000000000000000000000000000000
0000000000000000000000000000000000000000111111111111110000000000000000000000000000000000000
0000000000000000000000000000000000000011111111111111110000000000000000000000000000000000000
0000000000000000000000000000000000000011111111111111110000000000000000000000000000000000000
0000000000000000000000000000000000000000111111111111110000000000000000000000000000000000000
0000000000000000000000000000000000000011111111111111110000000000000000000000000000000000000
0000000000000000000000000000000000000011111111111111110000000000000000000000000000000000000
0000000000000000000000000000000000000010111111111111110000000000000000000000000000000000000
0000000000000000000000000000000000000011111111111111110000000000000000000000000000000000000
0000000000000000000000000000000000000011111111111111110000000000000000000000000000000000000
0000000000000000000000000000000000000011111111111111110000000000000000000000000000000000000
0000000000000000000000000000000000000011111111111111110000000000000000000000000000000000000
0000000000000000000000000000000000000011111111111111110000000000000000000000000000000000000
0000000000000000000000000000000000000011111111111111110000000000000000000000000000000000000
0000000000000000000000000000000000000011111111111111110000000000000000000000000000000000000
0000000000000000000000000000000000000011111111111111110000000000000000000000000000000000000
0000000000000000000000000000000000000011111111111111110000000000000000000000000000000000000
0000000000000000000000000000000000000011111111111111110000000000000000000000000000000000000