0000000000000000000000000000000000000000000000000000000000000000000000000000000000000000000
0000000000000000000000000000000000000000000000000000000000000000000000000000000000000000000
0000000000000000000000000000000000000000000000000000000000000000000000000000000000000000000
0000000000000000000000000000000000000000000000000000000000000000000000000000000000000000000
0000000000000000000000000000000000000000000000000000000000000000000000000000000000000000000
0000000000000000000000000000000000000000000000000000000000000000000000000000000000000000000
0000000000000000000000000000000000000000000000000000000000000000000000000000000000000000000
0000000000000000000000000000000000000000000000000000000000000000000000000000000000000000000
0000000000000000000000000000000000000000000000000000000000000000000000000000000000000000000
0000000000000000000000000000000000000000000000000000000000000000000000000000000000000000000
0000000000000000000000000000000000000000000000000000000000000000000000000000000000000000000
0000000000000000000000000000000000000000011000000000000000000000000000000000000000000000000
0000000000000000000000000000000000000000011110001100000000000000000000000000000000000000000
0000000000000000000000000000000000000000100011001110000000000000000000000000000000000000000
0000000000000000000000000000000000011001110111111101000000000000000000000000000000000000000
0000000000000000000000000000000000011111111111111011110000000000000000000000000000000000000
0000000000000000000000000000000001111111111111111111111000000000000000000000000000000000000
0000000000000000000000000000011001110111111110111111111100000000000000000000000000000000000
0000000000000000000000000000001111111111111100111111111111000000000000000000000000000000000
0000000000000000000000000000000111111111111011100111111111100000000000000000000000000000000
0000000000000000000000000000000111111100110001000111111110100000000000000000000000000000000
0000000000000000000000000000001111111111010000000001111111100000000000000000000000000000000
0000000000000000000000000000011111111111100000000001011111100000000000000000000000000000000
0000000000000000000000000000011111111101000000000011011111110000000000000000000000000000000
0000000000000000000000000000111111111110000000000010011111111000000000000000000000000000000
0000000000000000000000000000111111101110000000000000111111110000000000000000000000000000000
0000000000000000000000000000111111111000000000000000001111110000000000000000000000000000000
0000000000000000000000000000111111111000000000000000001111111000000000000000000000000000000
0000000000000000000000000000111111110000000000000000001111111000000000000000000000000000000
0000000000000000000000000000111111110000000000000000000111111000000000000000000000000000000
0000000000000000000000000001111111100000000000000000000111111000000000000000000000000000000
0000000000000000000000000001111111100000000000000000000111111100000000000000000000000000000
0000000000000000000000000000111111000000000000000000000111111100000000000000000000000000000
0000000000000000000000000000011111000000000000000000000111111100000000000000000000000000000
0000000000000000000000000001111111100000000000000000000111111100000000000000000000000000000
0000000000000000000000000001111111100000000000000000001111111100000000000000000000000000000
0000000000000000000000000001111111000000000000000000000111111100000000000000000000000000000
0000000000000000000000000000111111000000000000000000000111111100000000000000000000000000000
0000000000000000000000000001111111000000000000000000000011111100000000000000000000000000000
0000000000000000000000000001111111100000000000000000000111111100000000000000000000000000000
0000000000000000000000000000111111000000000000000000000111111100000000000000000000000000000
0000000000000000000000000000111111100000000000000000000111111000000000000000000000000000000
0000000000000000000000000000111111100000000000000000000111111100000000000000000000000000000
0000000000000000000000000000111111100000000000000000000011111100000000000000000000000000000
0000000000000000000000000000111111100000000000000000000111111110000000000000000000000000000
0000000000000000000000000000111111100000000000000000000111111100000000000000000000000000000
0000000000000000000000000001111111100000000000000000000111111100000000000000000000000000000
0000000000000000000000000000111111000000000000000000000111111100000000000000000000000000000
0000000000000000000000000000111111100000000000000000000111111100000000000000000000000000000
0000000000000000000000000000111111100000000000000000000011111100000000000000000000000000000
0000000000000000000000000000111111100000000000000000000011111100000000000000000000000000000
0000000000000000000000000000111111000000000000000000000011111100000000000000000000000000000
0000000000000000000000000000111111000000000000000000000011111100000000000000000000000000000
0000000000000000000000000001111111100000000000000000000011111100000000000000000000000000000
0000000000000000000000000000111111100000000000000000000011111100000000000000000000000000000
0000000000000000000000000000111111100000000000000000000111111100000000000000000000000000000
0000000000000000000000000000111111100000000000000000000011111110000000000000000000000000000
0000000000000000000000000000111111100000000000000000000011111100000000000000000000000000000
0000000000000000000000000000111111100000000000000000000011111100000000000000000000000000000
0000000000000000000000000000111111100000000000000000000111111110000000000000000000000000000
0000000000000000000000000000011111100000000000000000000111111100000000000000000000000000000
0000000000000000000000000000011111100000000000000000000011111100000000000000000000000000000
0000000000000000000000000000111111100000000000000000000011111100000000000000000000000000000
0000000000000000000000000000011111000000000000000000000011111110000000000000000000000000000
0000000000000000000000000000011111100000000000000000000011111100000000000000000000000000000
0000000000000000000000000000111111100000000000000000000011111100000000000000000000000000000
0000000000000000000000000000111111100000000000000000000011111100000000000000000000000000000
0000000000000000000000000000111111000000000000000000000011111110000000000000000000000000000
0000000000000000000000000000111111100000000000000000000011111100000000000000000000000000000
0000000000000000000000000000111111100000000000000000000011111100000000000000000000000000000
0000000000000000000000000000111111100000000000000000000011111110000000000000000000000000000
0000000000000000000000000000111111100000000000000000000011111100000000000000000000000000000
0000000000000000000000000000111111100000000000000000000011111100000000000000000000000000000
0000000000000000000000000000111111100000000000000000000011111100000000000000000000000000000
0000000000000000000000000000111111100000000000000000000011111110000000000000000000000000000
0000000000000000000000000000011111100000000000000000000111111110000000000000000000000000000
0000000000000000000000000000011111100000000000000000000011111100000000000000000000000000000
0000000000000000000000000000111111110000000000000000000011111100000000000000000000000000000
0000000000000000000000000000011111110000000000000000000001111100000000000000000000000000000
0000000000000000000000000000011111100000000000000000000011111110000000000000000000000000000
0000000000000000000000000000011111110000000000000000000011111100000000000000000000000000000
0000000000000000000000000000011111110000000000000000000011111100000000000000000000000000000
0000000000000000000000000000011111110000000000000000000011111100000000000000000000000000000
0000000000000000000000000000011111111000000000000000000011111110000000000000000000000000000
0000000000000000000000000000011111111000000000000000000011111100000000000000000000000000000
0000000000000000000000000000011111111000000000000000000011111100000000000000000000000000000
0000000000000000000000000000011111111000000000000000001111111110000000000000000000000000000
0000000000000000000000000000001111111000000000000000000111111000000000000000000000000000000
0000000000000000000000000000001111111000000000000000010011111100000000000000000000000000000
0000000000000000000000000000001111111000000000000000011011111110000000000000000000000000000
0000000000000000000000000000001111111000000000000000001111111110000000000000000000000000000
0000000000000000000000000000001111111000000000010001101111111100000000000000000000000000000
0000000000000000000000000000000111111110000000111011111111111100000000000000000000000000000
0000000000000000000000000000000111111111000011111100011111111100000000000000000000000000000
0000000000000000000000000000000111111111000001111111111111110000000000000000000000000000000
0000000000000000000000000000000111111110111011111111111111111000000000000000000000000000000
0000000000000000000000000000000101111111111111111111111111011100000000000000000000000000000
0000000000000000000000000000000011111111101111111111111111000100000000000000000000000000000
0000000000000000000000000000000011011111111111111111111111110000000000000000000000000000000
0000000000000000000000000000000000111011111111111111011100110000000000000000000000000000000
0000000000000000000000000000000000110111111111110111111110000000000000000000000000000000000
0000000000000000000000000000000000001110111001111111111011000000000000000000000000000000000
0000000000000000000000000000000000000110000111011100110001000000000000000000000000000000000
0000000000000000000000000000000000000000000111001000000000000000000000000000000000000000000
0000000000000000000000000000000000000000000010000000000000000000000000000000000000000000000
0000000000000000000000000000000000000000000000000000000000000000000000000000000000000000000
0000000000000000000000000000000000000000000000000000000000000000000000000000000000000000000
0000000000000000000000000000000000000000000000000000000000000000000000000000000000000000000
0000000000000000000000000000000000000000000000000000000000000000000000000000000000000000000
0000000000000000000000000000000000000000000000000000000000000000000000000000000000000000000
0000000000000000000000000000000000000000000000000000000000000000000000000000000000000000000
0000000000000000000000000000000000000000000000000000000000000000000000000000000000000000000
0000000000000000000000000000000000000000000000000000000000000000000000000000000000000000000
0000000000000000000000000000000000000000000000000000000000000000000000000000000000000000000
0000000000000000000000000000000000000000000000000000000000000000000000000000000000000000000
0000000000000000000000000000000000000000000000000000000000000000000000000000000000000000000
0000000000000000000000000000000000000000000000000000000000000000000000000000000000000000000