0000000000000000000000000000000000000000000000000000000000000000000000000000000000000000000
0000000000000000000000000000000000000000000000000000000000000000000000000000000000000000000
1000000000000000000000000000000000000000000000000000000000000000000000000000000000000000000
1000000000000000000000000000000000000000000000000000000000000000000000000000000000000000000
0000000000000000000000000000000000000000000000000000000000000000000000000000000000000000000
1000000000000000000000000000000000000000000000000000000000000000000000000000000000000000000
0000000000000000000000000000000000000000000000000000000000000000000000000000000000000000000
0000000000000000000000000000000000000000000000000000000000000000000000000000000000000000000
0000000000000000000000000000000000000000000000000000000000000000000000001000000000000000000
1000000000000000000000000000000000000000000000000000000000000000000000101100111000000000000
1000000000000000000000000000000000000000000000000000000000000000000000100111111001000000000
1000000000000000000000000000000000000000000000000000000000000000000000111111111111000000000
0000000000000000000000000000000000000000000000000000000000000000000111111111111100000000000
1100000000000000000000000000000000000000000000000000000000000000011111111111111111100000000
0000000000000000000000000000000000000000000000000000000000000111111111111111111111000000000
0000000000000000000000000000000000000000000000000000000000101111111111111111111110110000000
0000000000000000000000000000000000000000000000000000000000111101111111111111111111110000000
1000000000000000000000000000000000000000000000000000000000111111111111111111111111000000000
1000000000000000000000000000000000000000000000000000000001111111111111111111111111111000000
1000000000000000000000000000000000000000000000000000001111111111111111111111111111110000000
0000000000000000000000000000000000000000000000000001111111111111111111111111111111111000000
1100000000000000000000000000000000000000000000000111111111111111111111111111111111111000000
0000000000000000000000000000000000000000000001010111111111111111111111111111111111100000000
0000000000000000000000000000000000000000000001011111111111111111111111111111111111111000000
0000000000000000000000000000000000000000000101011111111111111111111111111111111111111000000
1000000000000000000000000000000000000000000111111111111111111111111111111111111111111000000
1000000000000000000000000000000000000000011111111111111111111111111111111111111111111000000
1000000000000000000000000000000000000011111111111111111111111111111111111111111111111000000
0000000000000000000000000000000000011111111111111111111111111111111111111111111111111000000
1100000000000000000000000000000001011111111111111111111111111111111111111111111111111000000
1100000000000000000000000000000101111111111111111111111111111111111111111111111111111000000
0110000000000000000000000000010101111111111111111111111111111111111111111111111111111000000
1110000000000000000000000000010111111111111111111111111111111111111111111111111111111000000
1000000000000000000000000001111111111111111111111111111111111111111111111111111111111000000
1111000000000000000000001111111111111111111111111111111111111111111111111111111111111000000
1110000000000000000001111111111111111111111111111111111111111111111111111111111111111000000
1111000000000000000111101111111111111111111111111111111111111111111111111111111111111000000
1111100000000001010111111111111111111111111111111111111111111111111111111111111111111000000
1100100000000001011111111111111111111111111111111111111111111111111111111111111111111000000
1111100000000101011111111111111111111111111111111111111111111111111111111111111111111000000
1111111100000111111111111111111111111111111111111111111111111111111111111111111111111000000
1111111110011111111111111111111111111111111111111111111111111111111111111111111111111000000
1111111111111111111111111111111111111111111111111111111111111111111111111111111111111000000
1111111111111111111111111111111111111111111111111111111111111111111111111111111111111000000
1111111111111111111111111111111111111111111111111111111111111111111111111111111111000000000
1111111111111111111111111111111111111111111111111111111111111111111111111111111111100000000
1111111111111111111111111111111111111111111111111111111111111111111111111111101111110000000
1111111111111111111111111111111111111111111111111111111111111111111111111100101110111000000
1111111111111111111111111111111111111111111111111111111111111111111111111100110111110000000
1111111111111111111111111111111111111111111111111111111111111111111111011000000111110000000
1111111111111111111111111111111111111111111111111111111111111111100001111000000111111000000
1111111111111111111111111111111111111111111111111111111111111101000001110000000111111000000
1111111111111111111111111111111111111111111111111111111111110100000000000000001111111000000
1111111111111111111111111111111111111111111111111111111110010100000000000000001111111000000
1111111111111111111111111111111111111111111111111111101011010000000000000000011111111000000
1111111111111111111111111111111111111111111111111100001001000000000000000000011111111000000
1111111111111111111111111111111111111111111111100000001000000000000000000000111111111000000
1111111111111111111111111111111111111111111110000000011000000000000000000000111111111000000
1111111111111111111111111111111111111111101010000000001000000000000000000001111111111000000
1111111111111111111111111111111111111101101000000000001100000000000000000001111111111000000
1111111111111111111111111111111111110100101000000000000000000000000000000001111111111000000
1111111111111111111111111111111111110110000000000000000000000000000000000111111111111000000
1111111111111111111111111111111111011000000000000000000000000000000000000111111111111000000
1111111111111111111111111111111111100000000000000000000000000000000000001111111111111000000
1111111111111111111111111111111110000000000000000000000000000000000000011111111111111000000
1111111111111111111111111111110110000000000000000000000000000000000001111111111111111000000
1111111111111111111111111110111011110000000000000000000000000000000011111111111111111000000
1111111111111111111111010010110000110000000000000000000000000000000011111111111011111000000
1111111111111111111101011010000000000000000000000000000000000000000111111111111111111000000
1111111111111110111101000000000000000000000000000000000000000000011111111111101101101000000
1111111111111111110110000000000000000000000000000000000000000000011111111111110110101000000
1111111111111111100000000000000000000000000000000000000000000000111111111100010010111000000
1111111111111100000000000000000000000000000000000000000000000001111111111001011111111000000
1111111111100000000000000000000000000000000000000000000000000111111111111001111111111000000
1111111100000000000000000000000000000000000000000000000000010111111111110100011111111000000
1111110000000000000000000000000000000000000000000000000001011111111111111111111111111000000
1111110000000000000000000000000000000000000000000000000001011111111111110000011111111000000
1011010000000000000000000000000000000000000000000000000011111111111111111100011111111000000
1111000000000000000000000000000000000000000000000000011111111111111111111001111111111000000
1000000000000000000000000000000000000000000000000010111111111111111111111011111111111000000
0000000000000000000000000000000000000000000000001011111111111111111111111001111111111000000
1000000000000000000000000000000000000000000000001011111111111111111111111101111111111000000
0000000000000000000000000000000000000000000000001011111111111111111111111111111111111000000
0000000000000000000000000000000000000000000000011111111111111111111111111111111111111000000
0000000000000000000000000000000000000000000000001111111111111111111111111111111111111000000
0000000000000000000000000000000000000000000000000111111111111111111111111111111111111000000
0000000000000000000000000000000000000000000000001111111111111111111111111111111111111000000
0000000000000000000000000000000000000000000000000101111111111111111111111111111111111000000
0000000000000000000000000000000000000000000000000111111111111111111111111111111111111000000
0000000000000000000000000000000000000000000000000111111111111111111111111111111111110000000
0000000000000000000000000000000000000000000000000011111111111111111111111111111111111000000
0000000000000000000000000000000000000000000000000011111111111111111111111111111111111000000
0000000000000000000000000000000000000000000000000010111111111111111111111111111111111000000
0000000000000000000000000000000000000000000000000001111111111111111111111111111111111000000
0000000000000000000000000000000000000000000000000001111111111111111111111111111111111000000
0000000000000000000000000000000000000000000000000001111111111111111111111111111111111000000
0000000000000000000000000000000000000000000000000000111111111111111111111111111111111000000
0000000000000000000000000000000000000000000000000000111111111111111111111111111111111000000
0000000000000000000000000000000000000000000000000000111111111111111111111111111111111000000
0000000000000000000000000000000000000000000000000000111111111111111111111111111111111000000
0000000000000000000000000000000000000000000000000000011111111111111111111110111111111000000
0000000000000000000000000000000000000000000000000000111111111111111111111111111111111000000
0000000000000000000000000000000000000000000000000001101111111111111111111111111111111000000
0000000000000000000000000000000000000000000000000000011111111111111111111111111111111000000
0000000000000000000000000000000000000000000000000000111111111111111111111111111111111000000
0000000000000000000000000000000000000000000000000000000111111111111111111110100111111000000
0000000000000000000000000000000000000000000000000000111111111111111111111111101111111000000
0000000000000000000000000000000000000000000000000000010111111111111111111111011111111000000
0000000000000000000000000000000000000000000000000000011111111111111111111110101111111000000
0000000000000000000000000000000000000000000000000000011111111111111111111111111111111000000
0000000000000000000000000000000000000000000000000000001111111111111111111110011111111000000
0000000000000000000000000000000000000000000000000000001111111111111111111111111111111000000
0000000000000000000000000000000000000000000000000000001001111111111111111111111111111000000
0000000000000000000000000000000000000000000000000000000111111111111111111111111111111000000
0000000000000000000000000000000000000000000000000000000110111111111111111111111111111000000
0000000000000000000000000000000000000000000000000000000010111111111111111111111111111000000
0000000000000000000000000000000000000000000000000000000011111111111111111111111111110000000