0000000000000000000000000000000000000000000000000000000000000000000000000000000000000000000
0000000000000000000000000000000000000000000000000000000000000000000000000000000000000000000
0000000000000001000000000000000000000000000000000000000000000000000000000000000000000000000
0000000000000011000000000000000000000000000000000000000000000000000000000000000000000000000
0000000000000011000000000000000000000000000000000000000000000000000000000000000000000000000
0000000000000011111111111111111111111111111111111111111100000000000000000000000000000000000
0000000000000011111111111111111111111111111111111111111100000000000000000000000000000000000
0000000000000011111111111111111111111111111111111111111100000000000000000000000000000000000
0000000000000011111111111111111111111111111111111111111111100000000000000000000000000000000
0000000000000011111111110111111111111111111111111111111111100000000000000000000000000000000
0000000000000011111111111111111111111111111111111111111100100000000000000000000000000000000
0000000000000011111111111111111111111111111111111111111111100000000000000000000000000000000
0000000000000011111111011111111111111111111111111111111111100000000000000000000000000000000
0000000000000011111111111111111111111111111111111111111111100000000000000000000000000000000
0000000000000011111111111111111111111111111111111111111111111100000000000000000000000000000
0000000000000011111111111111111110111111111111111111111111110000000000000000000000000000000
0000000000000011111111111111111110111111111111111111111111110000000000000000000000000000000
0000000000000011111111111111111111111111111111111111111111111110000000000000000000000000000
0000000000000011111111111111111011111111111111111111111111110000000000000000000000000000000
0000000000000011111111111111111011111111111111111111111111110010000000000000000000000000000
0000000000000011111111111111111111111111111111111111111111111110000000000000000000000000000
0000000000000011111111111111111111111111111111111111111111110110000000000000000000000000000
0000000000000011111111111111111111111111111111111111111111111110000000000000000000000000000
0000000000000011111111111111111111111111111111111111111111111110000000000000000000000000000
0000000000000011111111111111111111111111111111111111111111111110000000000000000000000000000
0000000000000011111111111111111111111111111111111111111111111111110000000000000000000000000
0000000000000011111111111111111111111111111111111111111111111110110000000000000000000000000
0000000000000011111111111111111111111111111111111111111111111110000000000000000000000000000
0000000000000011111111111111111111111111111111111111111111111111110000000000000000000000000
0000000000000011111111111111111111111111111111111111111111111111100000000000000000000000000
0000000000000011111111111111111111111111111111111111111111111110000000000000000000000000000
0000000000000011111111111111111111111111111111111111111111111111110000000000000000000000000
0000000000000011111111111111111111111111111111111111111111111110010000000000000000000000000
0000000000000011111111111111111111111111111111111111111111111110000000000000000000000000000
0000000000000011111111111111111111111111111111111111111111111111110000000000000000000000000
0000000000000011111111111111111111111111111111111111111111111111110000000000000000000000000
0000000000000011111111111111111111111111111111111111111111111111111111110000000000000000000
0000000000000011111111111111111111111111111111111111111111111111111110110000000000000000000
0000011111111111111111111111111111111111111111111111111111111111111110000000000000000000000
0000011111111111111111111111111111111111111111111111111111111111111111110000000000000000000
0000011111111111111111111111111111111111111111111111111111111111111111110000000000000000000
0000011111111111111111111111111111111111111111111111111111111111111111110001110110110000000
0000011111111111111111111111111111111111111111111111111111111111111111111110110110110000000
0000011111111111111111111111111111111111111111111111111111111111111111111110110110010000000
0000011111111111111111111111111111111111111111111111111111111111111111111111111111111111110
0000011111111111111111111111111111111111111111111111111111111111111111111111111111111110110
0000011111111111111111111111111111111111111111111111111111111111111111111111111111111110111
0000011111111111111111111111111111111111111111111111111111111111111111111111111111111111111
0000011111111111111111111111111111111111111111111111111111111111111111111111111111111111110
0000011111111111111111111111111111111111111111111111111111111111111111111111111111111111110
0000011111111111111111111111111111111111111111111111111111111111111111111111111111111111110
0000011111111111111111111111111111111111111111111111111111111111111111111111111111111111100
0000011111111111111111111111111111111111111111111111111111111111111111111111111111111111110
0000011111111111111111111111111111111111111111111111111111111111111111111111111111111111110
0000011111111111111111111111111111111111111111111111111111111111111111111111111111111110011
0000011111111111111111111111111111111111111111111111111111111111111111111111111111111111111
0000011111111111111111111111111111111111111111111111111111111111111111111111111111111111111
0000011111111111111111111111111111111111111111111111111111111111111111111111111111111111111
0000011111111111111111111111111111111111111111111111111111111111111111111111111111111111111
0000011111111111111111111111111111111111111111111111111111111111111111111111111111111111111
0000011111111111111111111111111111111111111111111111111111111111111111111111111111111111111
0000011111111111111111111111111111111111111111111111111111111111111111111111111111111111110
0000011111111111111111111111111111111111111111111111111111111111111111111111111111111111110
0000011111111111111111111111111111111111111111111111111111111111111111111111111111111111100
0000011111111111111111111111111111111111111111111111111111111111111111111111111111111111000
0000011111111111111111111111111111111111111111111111111111111111111111111111111111111111000
0000011111111111111111111111111111111111111111111111111111111111111111111111111111111011011
0000011111111111111111111111111111111111111111111111111111111111111111111111111111111111000
0000011111111111111111111111111111111111111111111111111111111111111111111111111111111111000
0000011111111111111111111111111111111111111111111111111111111111111111111111111111111100111
0000011111111111111111111111111111111111111111111111111111111111111111111111111111111010111
0000011111111111111111111111111111111111111111111111111111111111111111111111111111110011011
0000011111111111111111111111111111111111111111111111111111111111111111111111111111111101111
0000011111111111111111111111111111111111111111111111111111111111111111111111111111111111111
0000011111111111111111111111111111111111111111111111111111111111111111111111111111101111111
0000011111111111111111111111111111111111111111111111111111111111111111111111111111111111111
0000011111111111111111111111111111111111111111111111111111111111111111111111111111111111111
0000011111111111111111111111111111111111111111111111111111111111111111111111111111111111111
0000011111111111111111111111111111111111111111111111111111111111111111111111111111111111111
0000011111111111111111111111111111111111111111111111111111111111111111111111111111111111111
0000011111111111111111111111111111111111111111111111111111111111111111111111111111111111111
0000011111111111111111111111111111111111111111111111111111111111111111111111111111111111111
0000011111111111111111111111111111111111111111111111111111111111111111111111111111111111111
0000011111111111111111111111111111111111111111111111111111111111111111111111111111111111111
0000011111111111111111111111111111111111111111111111111111111111111111111111101101111111111
0000011111111111111111111111111111111111111111111111111111111111111111111111101101101111111
0000011111111111111111111111111111111111111111111111111111111111111111111111101101100000010
0000011111111111111111111111111111111111111111111111111111111110100000000000000000000000010
0000011111111111111111111111111111111111111111111111111110110000000000000000000000000000010
0000011111111111111111111111111111111111111111111111111110100000000000000000000000000000000
0000011111111111111111111111111111111111111111111111110110100000000000000000000000000000000
0000011111111111111111111111111111111111111111111010000000000000000000000000000000000000000
0000011111111111111111111111111111111111111111111010000000000000000000000000000000000000000
0000011111111111111111111111111111111111111111111000000000000000000000000000000000000000000
0000011111111111111111111111111111111111111100000000000000000000000000000000000000000000000
0000011111111111111111111111111111111111111100000000000000000000000000000000000000000000000
0000011111111111111111111111111111111111111000000000000000000000000000000000000000000000000
0000011111111111111111111111111111111111011000000000000000000000000000000000000000000000000
0000011111111111111111111111111111111111000000000000000000000000000000000000000000000000000
0000011111111111111111111111111111111111000000000000000000000000000000000000000000000000000
0000011111111111111111111111111111101110000000000000000000000000000000000000000000000000000
0000011111111111111111111111111111111100000000000000000000000000000000000000000000000000000
0000011111111111111111111111111111110000000000000000000000000000000000000000000000000000000
0000011111111111111111111111111100000000000000000000000000000000000000000000000000000000000
0000011111111111111111111111111100000000000000000000000000000000000000000000000000000000000
0000011111111111111111111111111000000000000000000000000000000000000000000000000000000000000
0000011111111111111111111111110000000000000000000000000000000000000000000000000000000000000
0000011111111111111111111111110000000000000000000000000000000000000000000000000000000000000
0000011111111111111111111111000000000000000000000000000000000000000000000000000000000000000
0000011111111111111111111111000000000000000000000000000000000000000000000000000000000000000
0000011111111111111111111110000000000000000000000000000000000000000000000000000000000000000
0000000000000000000000000000000000000000000000000000000000000000000000000000000000000000000
0000000000000000000000000000000000000000000000000000000000000000000000000000000000000000000
0000000000000000000000000000000000000000000000000000000000000000000000000000000000000000000
0000000000000000000000000000000000000000000000000000000000000000000000000000000000000000000
0000000000000000000000000000000000000000000000000000000000000000000000000000000000000000000
0000000000000000000000000000000000000000000000000000000000000000000000000000000000000000000