0000000000000000001111111111111101100000000000000000000000000000000000000000000000000000000
0000000000000000001111111111111111110000000000000000000000000000000000000000000000000000000
0000000000000000001111111111111111111000000000000000000000000000000000000000000000000000000
0000000000000000001111111111111111111100000000000000000000000000000000000000000000000000000
0000000000000000001111111111111111111110000000000000000000000000000000000000000000000000000
0000000000000000001111111111111111111110000000000000000000000000000000000000000000000000000
0000000000000000001111111111111111111111100000000000000000000000000000000000000000000000000
0000000000000000001111111111111111111111100000000000000000000000000000000000000000000000000
0000000000000000001111111111111111111111010000000000000000000000000000000000000000000000000
0000000000000000001111111111111111111110110000000000000000000000000000000000000000000000000
0000000000000000001111111111111111111111110000000000000000000000000000000000000000000000000
0000000000000000001111111111111111111111101000000000000000000000000000000000000000000000000
0000000000000000001111111111111111111111111000000000000000000000000000000000000000000000000
0000000000000000001111111111111111111111111000000000000000000000000000000000000000000000000
0000000000000000001111111111111111111111111100000000000000000000000000000000000000000000000
0000000000000000001111111111111111111111111110000000000000000000000000000000000000000000000
0000000000000000001111111111111111111111111111000000000000000000000000000000000000000000000
0000000000000000001111111111111111111111111111000000000000000000000000000000000000000000000
0000000000000000001111111111111111111111111110100000000000000000000000000000000000000000000
0000000000000000001111111111111111111111111111110000000000000000000000000000000000000000000
0000000000000000001111111111111111111111111111100000000000000000000000000000000000000000000
0000000000000000001111111111111111111111111111010000000000000000000000000000000000000000000
0000000000000000001111111111111111111111111111110000000000000000000000000000000000000000000
0000000000000000001111111111111111111111111111110100000000000000000000000000000000000000000
0000000000000000001111111111111111111111111111111100000000000000000000000000000000000000000
0000000000000000001111111111111111111111111111111101100000000000000000000000000000000000000
0000000000000000001111111111111111111111111111111111000000000000000000000000000000000000000
0000000000000000001111111111111111111111111111111110000000000000000000000000000000000000000
0000000000000000001111111111111111111111111111111111100000000000000000000000000000000000000
0000000000000000001111111111111111111111111111111111100000000000000000000000000000000000000
0000000000000000001111111111111111111111111111111111111000000000000000000000000000000000000
0000000000000000001111111111111111111111111111111111111000000000000000000000000000000000000
0000000000000000001111111111111111111111111111111111111110000000000000000000000000000000000
0000000000000000001111111111111111111111111111111111111100000000000000000000000000000000000
0000000000000000001111111111111111111111111111111111111110000000000000000000000000000000000
0000000000000000001111111111111111111111111111111111111111000000000000000000000000000000000
0000000000000000001111111111111111111111111111111111111111000000000000000000000000000000000
0000000000000000001111111111111111111111111111111111111111000000000000000000000000000000000
0000000000000000001111111111111111111111111111111111111111000000000000000000000000000000000
0000000000000000001111111111111111111111111111111111111111000000000000000000000000000000000
0000000000000000001111111111111111111111111111111111111111100000000000000000000000000000000
0000000000000000001111111111111111111111111111111111111111110000000000000000000000000000000
0000000000000000001111111111111111111111111111111111111111111000000000000000000000000000000
0000000000000000001111111111111111111111111111111111111111111000000000000000000000000000000
0000000000000000001111111111111111111111111111111111111111111100000000000000000000000000000
0000000000000000001111111111111111111111111111111111111111111110000000000000000000000000000
0000000000000000001111111111111111111111111111111111111111111111000000000000000000000000000
0000000000000000001111111111111111111111111111111111111111111111100000000000000000000000000
0000000000000000001111111111111111111111111111111111111111111111110000000000000000000000000
0000000000000000001111111111111111111111111111111111111111111111111000000000000000000000000
0000000000000000001111111111111111111111111111111111111111111111111000000000000000000000000
0000000000000000001111111111111111111111111111111111111111111111111100000000000000000000000
0000000000000000001111111111111111111111111111111111111111111111111110000000000000000000000
0000000000000000001111111111111111111111111111111111111111111111111111000000000000000000000
0000000000000000001111111111111111111111111111111111111111111111111111100000000000000000000
0000000000000000001111111111111111111111111111111111111111111111111111100000000000000000000
0000000000000000001111111111111111111111111111111111111111111111111111011000000000000000000
0000000000000000001111111111111111111111111111111111111111111111111111110000000000000000000
0000000000000000001111111111111111111111111111111111111111111111111111100100000000000000000
0000000000000000001111111111111111111111111111111111111111111111111111111100000000000000000
0000000000000000001111111111111111111111111111111111111111111111111111111000000000000000000
0000000000000000001111111111111111111111111111111111111111111111111111111010000000000000000
0000000000000000001111111111111111111111111111111111111111111111111111111110000000000000000
0000000000000000001111111111111111111111111111111111111111111111111111111110100000000000000
0000000000000000001111111111111111111111111111111111111111111111111111111111100000000000000
0000000000000000001111111111111111111111111111111111111111111111111111111111100000000000000
0000000000000000001111111111111111111111111111111111111111111111111111111111110000000000000
0000000000000000001111111111111111111111111111111111111111111111111111111111110000000000000
0000000000000000001111111111111111111111111111111111111111111111111111111111111000000000000
0000000000000000001111111111111111111111111111111111111111111111111111111111111100000000000
0000000000000000001111111111111111111111111111111111111111111111111111111111111100000000000
0000000000000000001111111111111111111111111111111111111111111111111111111111111110000000000
0000000000000000001111111111111111111111111111111111111111111111111111111111111100000000000
0000000000000000001111111111111111111111111111111111111111111111111111111111111100000000000
0000000000000000001111111111111111111111111111111111111111111111111111111111111111000000000
0000000000000000001111111111111111111111111111111111111111111111111111111111111111001000000
0000000000000000001111111111111111111111111111111111111111111111111111111111111111011100000
0000000000000000001111111111111111111111111111111111111111111111111111111111111111111010000
0000000000000000001111111111111111111111111111111111111111111111111111111111111111110110000
0000000000000000001111111111111111111111111111111111111111111111111111111111111111111110000
0000000000000000001111111111111111111111111111111111111111111111111111111111111111111101000
0000000000000000001111111111111111111111111111111111111111111111111111111111111111111111000
0000000000000000001111111111111111111111111111111111111111111111111111111111111111111111000
0000000000000000001111111111111111111111111111111111111111111111111111111111111111111111100
0000000000000000001111111111111111111111111111111111111111111111111111111111111111111111100
0000000000000000001111111111111111111111111111111111111111111111111111111111111111111111100
0000000000000000001111111111111111111111111111111111111111111111111111111111111111111111111
0000000000000000001111111111111111111111111111111111111111111111111111111111111111111111110
0000000000000000001111111111111111111111111111111111111111111111111111111111111111111111110
0000000000000000001111111111111111111111111111111111111111111111111111111111111111111111111
0000000000000000001111111111111111111111111111111111111111111111111111111111111111111111111
0000000000000000001111111111111111111111111111111111111111111111111111111111111111111111111
0000000000000000001111111111111111111111111111111111111111111111111111111111111111111111111
0000000000000000001111111111111111111111111111111111111111111111111111111111111111111111111
0000000000000000001111111111111111111111111111111111111111111111111111111111111111111111111
0000000000000000001111111111111111111111111111111111111111111111111111111111111111111111111
0000000000000000001111111111111111111111111111111111111111111111111111111111111111111111111
0000000000000000001111111111111111111111111111111111111111111111111111111111111111111111111
0000000000000000001111111111111111111111111111111111111111111111111111111111111111111111111
0000000000000000001111111111111111111111111111111111111111111111111111111111111111111111111
0000000000000000001111111111111111111111111111111111111111111111111111111111111111111111111
0000000000000000000000000000000000000000000000000000000000000000000000000000000000000000000
0000000000000000000000000000000000000000000000000000000000000000000000000000000000000000000
0000000000000000000000000000000000000000000000000000000000000000000000000000000000000000000
0000000000000000000000000000000000000000000000000000000000000000000000000000000000000000000
0000000000000000000000000000000000000000000000000000000000000000000000000000000000000000000
0000000000000000000000000000000000000000000000000000000000000000000000000000000000000000000
0000000000000000000000000000000000000000000000000000000000000000000000000000000000000000000
0000000000000000000000000000000000000000000000000000000000000000000000000000000000000000000
0000000000000000000000000000000000000000000000000000000000000000000000000000000000000000000
0000000000000000000000000000000000000000000000000000000000000000000000000000000000000000000
0000000000000000000000000000000000000000000000000000000000000000000000000000000000000000000
0000000000000000000000000000000000000000000000000000000000000000000000000000000000000000000
0000000000000000000000000000000000000000000000000000000000000000000000000000000000000000000
0000000000000000000000000000000000000000000000000000000000000000000000000000000000000000000
0000000000000000000000000000000000000000000000000000000000000000000000000000000000000000000
0000000000000000000000000000000000000000000000000000000000000000000000000000000000000000000