1111111111111111111111111111111111111111111001111111111111111111111111111111111111100000000
1111111111111111111111111111111111111110010011111111111111111111111111111111111111100000000
1111111111111111111111111111111111111111110011111111111111111111111111111111111111100000000
1111111111111111111111111111111111111111110000111111111111111111111111111111111111100000000
1111111111111111111111111111111111111111000000111111111111111111111111111111111111100000000
1111111111111111111111111111111111111111000000111111111111111111111111111111111111100000000
1111111111111111111111111111111111111111110000111111111111111111111111111111111111100000000
1111111111111111111111111111111111111111100000011111111111111111111111111111111111100000000
1111111111111111111111111111111111111111111000011111111111111111111111111111111111100000000
1111111111111111111111111111111111111111110000011111111111111111111111111111111111100000000
1111111111111111111111111111111111111111111100011111111111111111111111111111111111100000000
1111111111111111111111111111111111111111111111001111111111111111111111111111111111100000000
1111111111111111111111111111111111111111110000001111111111111111111111111111111111100000000
1111111111111111111111111111111111111111111110001111111111111111111111111111111111100000000
1111111111111111111111111111111111111111111111101111111111111111111111111111111111100000000
1111111111111111111111111111111111111111111011000111111111111111111111111111111111100000000
1111111111111111111111111111111111111111111111001111111111111111111111111111111111100000000
1111111111111111111111111111111111111111111110000111111111111111111111111111111111100000000
1111111111111111111111111111111111111111111100000111111111111111111111111111111111100000000
1111111111111111111111111111111111111111111100000011111111111111111111111111111111100000000
1111111111111111111111111111111111111111111100000011111111111111111111111111111111100000000
1111111111111111111111111111111111111111111110000010111111111111111111111111111111100000000
1111111111111111111111111111111111111111111111010011111111111111111111111111111111100000000
1111111111111111111111111111111110111111111111110001111111111111111111111111111111100000000
1111111111111111111111111111110110110111110011111111111111111111111111111111111111100000000
1111111111111111111111111111111111110000010010000001111111111111111111111111111111100000000
1111111111111111111111011011011100000000000000000001111111111111111111111111111111100000000
1111111111111111111011011011000000000000000000000000111111111111111111111111111111100000000
1111111111111111111111110000000000000000000000000000111111111111111111111111111111100000000
0111111111111111111100000000000000000000000000000000100111111111111111111111111111100000000
0001111111111111100000000000000000000000000000000000111111111111111111111111111111100000000
0001111111111111110000000000000000000000000000000000011111111111111111111111111111100000000
0000001111111111111100000000000000000000000000000000001111111111111111111111111111100000000
0000001111111111110000000000000000000000000000000000011111111111111111111111111111100000000
0000000011111110110000000000000000000000000000000000011111111111111111111111111111100000000
0000000011111111111000000000000000000000000000000000001111111111111111111111111111100000000
0000000110111111000000000000000000000000000000000000001111111111111111111111111111100000000
0000000100111011000000000000000000000000000000000000001101111111111111111111111111100000000
0000000011111011000000000000000000000000000000000000001111111111111111111111111111100000000
0000000000111110000000000000000000000000000000000000000111111111111111111111111111100000000
0000000000000000000000000000000000000000000000000000000101111111111111111111111111100000000
0000000000000000000000000000000000000000000000000000010111111111111111111111111111100000000
0000000000000000000000000000000000000000000000000000010111111111111111111111111111100000000
0000000000000000000000000000000000000000000000000000010011111111111111111111111111100000000
0000000000000000000000000000000000000000000000000000011111111111111111111111111111100000000
0000000000000000000000000000000000000000000000000011111111111111111111111111111111100000000
0000000000000000000000000000000000000000000000000001101111111111111111111111111111100000000
0000000000000000000000000000000000000000000000000001011111111111111111111111111111100000000
0000000000000000000000000000000000000000000000000111111111111111111111111111111111100000000
0000000000000000000000000000000000000000000000001111111111111111111111111111111111100000000
0000000000000000000000000000000000000000000000000100111111111111111111111111111111100000000
0000000000000000000000000000000000000000000000001111111111111111111111111111111111100000000
0000000000000000000000000000000000000000000000111111111111111111111111111111111111100000000
0000000000000000000000000000000000000000000000011111111111111111111111111111111111100000000
0000000000000000000000000000000000000000000000011111111111111111111111111111111111100000000
0000000000000000000000000000000000000000000011111111111111111111111111111111111111100000000
0000000000000000000000000000000000000000000011111111111111111111111111111111111111100000000
0000000000000000000000000000000000000000000001001111111111111111111111111111111111100000000
0000000000000000000000000000000000000000000011111111111111111111111111111111111111100000000
0000000000000000000000000000000000000000001111111111111111111111111111111111111111100000000
0000000000000000000000000000000000000000001101111111111111111111111111111111111111100000000
0000000000000000000000000000000000000000000111111111111111111111111111111111111111100000000
0000000000000000000000000000000000000000000111111111111111111111111111111111111111100000000
0000000000000000000000000000000000000000000110111111111111111111111111111111111111100000000
0000000000000000000000000000000000000000000111111111111111111111111111111111111111100000000
0000000000000000000000000000000000000000011111111111111111111111111111111111111111100000000
0000000000000000000000000000000000000000010011111111111111111111111111111111111111100000000
0000000000000000000000000000000000000000000111111111111111111111111111111111111111100000000
0000000000000000000000000000000000000000001111111111111111111111111111111111111111100000000
0000000000000000000000000000000000000000001001111111111111111111111111111111111111100000000
0000000000000000000000000000000000000000001111111111111111111111111111111111111111100000000
0000000000000000000000000000000000000000001111111111111111111111111111111111111111100000000
0000000000000000000000000000000000000000000101111111111111111111111111111111111111100000000
0000000000000000000000000000000000000000000111111111111111111111111111111111111111100000000
0000000000000000000000000000000000000000000111111111111111111111111111111111111111100000000
0000000000000000000000000000000000000000000110111111111111111111111111111111111111100000000
0000000000000000000000000000000000000000001111111111111111111111111111111111111111100000000
0000000000000000000000000000000000000000000011111111111111111111111111111111111111100000000
0000000000000000000000000000000000000000000011111111111111111111111111111111111111100000000
0000000000000000000000000000000000000000011111111111111111111111111111111111111111100000000
0000000000000000000000000000000000000000001101111111111111111111111111111111111111100000000
0000000000000000000000000000000000000000000001111111111111111111111111111111111111100000000
0000000000000000000000000000000000000000001111111111111111111111111111111111111111100000000
0000000000000000000000000000000000000000001101111111111111111111111111111111111111100000000
0000000000000000000000000000000000000000000001111111111111111111111111111111111111100000000
0000000000000000000000000000000000000000011111111111111111111111111111111111111111100000000
0000000000000000000000000000000000000000100111111111111111111111111111111111111111100000000
0000000000000000000000000000000000000000100111111111111111111111111111111111111111100000000
0000000000000000000000000000000000000000111111111111111111111111111111111111111111100000000
0000000000000000000000000000000000000011111111111111111111111111111111111111111111100000000
0000000000000000000000000000000000000011011111111111111111111111111111111111111111100000000
0000000000000000000000000000000000000001111111111111111111111111111111111111111111100000000
0000000000000000000000000000000000001111111111111111111111111111111111111111111111100000000
0000000000000000000000000000000011111111111111111111111111111111111111111111111111100000000
0000000000000000000000000000100111111111111111111111111111111111111111111111111111100000000
0000000000000000000000000000100110111111111111111111111111111111111111111111111111100000000
0000000000000000000000000000100111111111111111111111111111111111111111111111111111100000000
0000000000000000000000000000111111111111111011011111111111111111111111111111111111100000000
0000000000000000000000001011011111111111111011000011111111111111111111111111111111100000000
0000000000000000000011011011011111111111111000000011111111111111111111111111111111100000000
0000000000000000000011011011111111111111100000000000011111111111111111111111111111100000000
0000000000000000000001001111111111111111100000000000000011111111111111111111111111100000000
0000000000000000000011111111111111111111100000000000000011111111111111111111111111100000000
0000000000000000111111111111111111111110000000000000000000111111111111111111111111100000000
0000000000000110111111111111111111110010000000000000000000111111111111111111111111100000000
0000000010110110110111111111111010010010000000000000000000001111111111111111111111100000000
0000111111110111111111111111011011010000000000000000000000001111111111111111111111100000000
1011011011111111111111111011011011000000000000000000000000111111111111111111111111100000000
1111011111111111111011011011011000000000000000000000000111111111111111111111111111100000000
1111111111111111111111101100000000000000000000000000100110111111111111111111111111100000000
1111111111111111111111100000000000000000000000000100100111111111111111111111111111100000000
1111111111111111111000000000000000000000000000000100111111111111111111111111111111100000000
1111111111111110010000000000000000000000000000000111111111111111111111111111111111100000000
1111111111110110010000000000000000000000000001111111111111111111111111111111111111100000000
1111111110110110010000000000000000000000011111111111111111111111111111111111111111100000000
1111111111110100000000000000000000000101101101101111111111111111111111111111111111100000000
1111111111000100000000000000000001101101101101111111111111111111111111111111111111100000000