0000000000000000000000000000000000000000000000000000000000000000000000000000000000000000000
0000000000000000000000000000000000000000000000000000000000000000000000000000000000000000000
0000000000000000000000000000000000000000000000000000000000000000000000000000000000000000000
0000000000000000000000000000000000000000000000000000000000000000000000000000000000000000000
0000000000000000000000000000000000000000000000000000000000000000000000000000000000000000000
0000000000000000000000000000000000000000000000000000000000000000000000000000000000000000000
0000000000000000000000000000000000000000000000000000000000000000000000000000000000000000000
0000000000000000000000000000000000000000000000000000000000000000000000000000000000000000000
0000000000000000000000000000000000000000000000000000000000000000000000000000000000000000000
0000000000000000000000000000000000000000000000000000000000000000000000000000000000000000000
0000000000000000000000000000000000000000000000000000000000000000000000000000000000000000000
0000000000000000000000000000000000000000000000000000000000000000000000000000000000000000000
0000000000000000000000000000000000000000000000000000000000000000000000000000000000000000000
0000000000000000000000000000000000000000000000000000000000000000000000000000000000000000000
0000000000000000000000000000000000000000000000000000000000000000000000000000000000000000000
0000000000000000000000000000000000000000000000000000000000000000000000000000000000000000000
0000000000000000000000000000000000000000000000000000000000000000000000000000000000000000000
0000000000000000000000000000000000000000000000000000000000000000000000000000000000000000000
0000000000000000000000000000000000000000000000000000000000000000000000000000000000000000000
0000000000000000000000000000000000000000000000000000000000000000000000000000000000000000000
0000000000000000000000000000000000000000000000000000000000000000000000000000000000000000000
0000000000000000000000000000000000000000000000000000000000000000000000000000000000000000000
0000000000000000000000000000000000001110100000000000000000000000000001000000000000000000000
0000000000000000000000000000000111110110110000100000000000000001100101000000001000000000000
0000000000000000000000000110111110110110111111110000000001101101100101101001001000000000000
0000000000000000000011111111110110111111111110110001101101101100101111111101101000000000000
0000000000000000011111111111111111111111111111111111110111101111111111111101111110000000000
0000000000000000011011011111111111111111111111111110110111111111111111111111111100000000000
0000000000000000111111111111111111111111111111111111111111111111111111111111111100000000000
0000000000000000011111111111111111111111111111111111111111111111111111111111111100000000000
0000000000000001111111111111111111111111111111111111111111111111111111111111111100000000000
0000000000000011111111111111111111111111111111111111111111111111111111111111111111000000000
0000000000000000011111111111111111111111111111111111111111111111111111111111111100000000000
0000000000000001101111111111111111111111111111111111111111111111111111111111111100000000000
0000000000000001111001111111111111111111111111111111111111111111111111111111111100000000000
0000000000000000001111111111111111111111111110011011111111111111111111111111000000000000000
0000000000000000001111111111111111111111111110011111111111111111111111111110000000000000000
0000000000000000000001111111111111111111111011010011111111111111111111111100000000000000000
0000000000000000000001111111111111111111111000000011111111111111111111111000000000000000000
0000000000000000000000111111111111111111110000000011111111111111111111110000000000000000000
0000000000000000000000111111111111111111110000000001111111111111111111010000000000000000000
0000000000000000000000111111111111111111100000000001111111111111111111000000000000000000000
0000000000000000000000111111111111111111110000000011111111111111111110000000000000000000000
0000000000000000000000111111111111111111100000000011111111111111111100000000000000000000000
0000000000000000000000111111111111111111011000000111111111111111111100000000000000000000000
0000000000000000000000011111111111111111111000001111111111111111111100000000000000000000000
0000000000000000000000011111111111111111000000011111111111111111111000000000000000000000000
0000000000000000000001111111111111111111111000011111111111111111110000000000000000000000000
0000000000000000000000011111111111111111111000111111111111111111100000000000000000000000000
0000000000000000000000011111111111111111100001111111111111111111100000000000000000000000000
0000000000000000000001111111111111111111111111111111111111111111000000000000000000000000000
0000000000000000000000001111111111111111111111111111111111111110000000000000000000000000000
0000000000000000000001111111111111111111101111111111111111111111000000000000000000000000000
0000000000000000000001101111111111111111111111111111111111111110000000000000000000000000000
0000000000000000000000001111111111111111111111111111111111111100000000000000000000000000000
0000000000000000000000111111111111111111111111111111111111111110000000000000000000000000000
0000000000000000000000000111111111111111111111111111111111111100000000000000000000000000000
0000000000000000000000011111111111111111111111111111111111111100000000000000000000000000000
0000000000000000000000111111111111111111111111111111111111111100000000000000000000000000000
0000000000000000000000000111111111111111111111111111111111110000000000000000000000000000000
0000000000000000000000011111111111111111111111111111111111110000000000000000000000000000000
0000000000000000000000011111111111111111111111111111111111110000000000000000000000000000000
0000000000000000000000011111111111111111111111111111111111110000000000000000000000000000000
0000000000000000000000011111111111111111111111111111111111111000000000000000000000000000000
0000000000000000000000011111111111111111111111111111111111111000000000000000000000000000000
0000000000000000000000001111111111111111111111111111111111110000000000000000000000000000000
0000000000000000000000001111111111111111111111111111111111100000000000000000000000000000000
0000000000000000000000111111111111111111111111111111111111111000000000000000000000000000000
0000000000000000000000001111111111111111111111111111111111111000000000000000000000000000000
0000000000000000000000011111111111111111111111111111111111101100000000000000000000000000000
0000000000000000000000111111111111111111111111111111111111111100000000000000000000000000000
0000000000000000000000000111111111111111111111111111111111111100000000000000000000000000000
0000000000000000000000111111111111111111111111111111111111101100000000000000000000000000000
0000000000000000000000100111111111111111111111111111111111111100000000000000000000000000000
0000000000000000000000001111111111111111111111111111111111111110100000000000000000000000000
0000000000000000000000011111111111111111111111111111111111111111110000000000000000000000000
0000000000000000000000000011111111111111111111111111111111111110000000000000000000000000000
0000000000000000000000011111111111111111111111111111111111111111110000000000000000000000000
0000000000000000000000011111111111111111111111111111111111111111110000000000000000000000000
0000000000000000000000001111111111111111111111111111111111111110000000000000000000000000000
0000000000000000000000011111111111111111111111111111111111111111111000000000000000000000000
0000000000000000000000001111111111111111111111011111111111111111111000000000000000000000000
0000000000000000000000001111111111111111111111011111111111111111000000000000000000000000000
0000000000000000000000011111111111111111111111000011111111111111111000000000000000000000000
0000000000000000000000111111111111111111111100011111111111111111111000000000000000000000000
0000000000000000000000001111111111111111111000011111111111111111100000000000000000000000000
0000000000000000000000111111111111111111110000000011111111111111111100000000000000000000000
0000000000000000000000111111111111111111110000001111111111111111111100000000000000000000000
0000000000000000000000000111111111111111110000001101111111111111111111100000000000000000000
0000000000000000000000111111111111111111110000000001111111111111111100000000000000000000000
0000000000000000000000110111111111111111111000001111111111111111111100100000000000000000000
0000000000000000000000011111111111111111111000001101111111111111111111100000000000000000000
0000000000000000000000011111111111111111000000000000111111111111111110000000000000000000000
0000000000000000000000011111111111111111111000000111110111111111111110110000000000000000000
0000000000000000000000011111111111111111111000000000111111111111111111110000000000000000000
0000000000000000000000011111111111111111100000000000111111111111111110000000000000000000000
0000000000000000000000011111111111111111111100000000101111111111111111110000000000000000000
0000000000000000000000001111111111111111110000000000111111111111111111111000000000000000000
0000000000000000000000000000000000000000000000000000000000000000000000000000000000000000000
0000000000000000000000000000000000000000000000000000000000000000000000000000000000000000000
0000000000000000000000000000000000000000000000000000000000000000000000000000000000000000000
0000000000000000000000000000000000000000000000000000000000000000000000000000000000000000000
0000000000000000000000000000000000000000000000000000000000000000000000000000000000000000000
0000000000000000000000000000000000000000000000000000000000000000000000000000000000000000000
0000000000000000000000000000000000000000000000000000000000000000000000000000000000000000000
0000000000000000000000000000000000000000000000000000000000000000000000000000000000000000000
0000000000000000000000000000000000000000000000000000000000000000000000000000000000000000000
0000000000000000000000000000000000000000000000000000000000000000000000000000000000000000000
0000000000000000000000000000000000000000000000000000000000000000000000000000000000000000000
0000000000000000000000000000000000000000000000000000000000000000000000000000000000000000000
0000000000000000000000000000000000000000000000000000000000000000000000000000000000000000000
0000000000000000000000000000000000000000000000000000000000000000000000000000000000000000000
0000000000000000000000000000000000000000000000000000000000000000000000000000000000000000000
0000000000000000000000000000000000000000000000000000000000000000000000000000000000000000000
0000000000000000000000000000000000000000000000000000000000000000000000000000000000000000000
0000000000000000000000000000000000000000000000000000000000000000000000000000000000000000000
0000000000000000000000000000000000000000000000000000000000000000000000000000000000000000000