0000000000000000000000000000000000000000000000000000000000000000000000000000000000000000000
0000000000000000000000000000000000000000000000000000000000000000000000000000000000000000000
0000000000000000000000000000000000000000000000000000000000000000000000000000000000000000000
0000000000000000000000000000000000000000000000000000000000000000000000000000000000000000000
0000000000000000000000000000000000000000000000000000000000000000000000000000000000000000000
0000000000000000000000000000000000000000000000000000000000000000000000000000000000000000000
0000000000000000000000000000000000000000000000000000000000000000000000000000000000000000000
0000000000000000000000000000000000000000000000000000000000000000000000000000000000000000000
0000000000000000000000000000000000000000000000000000000000000000000000000000000000000000000
0000000000000000000000000000000000000000000000000000000000000000000000000000000000000000000
0000000000000000000000000000000000000000000000000000000000000000000000000000000000000000000
0000000000000000000000000000000000000000000000000000000000000000000000000000000000000000000
0000000000000000000000000000000000000000000000000000000000000000000000000000000000000000000
0000000000000000000000000000000000000000000000000000000000000000000000000000000000000000000
0000000000000000000000000000000000000000000000000000000000000000000000000000000000000000000
0000000000000000000000000000000000000000000000000000000000000000000000000000000000000000000
0000000000000000000000000000000000000000000000000000000000000000000000000000000000000000000
0000000000000000000000000000000000000000000000000000000000000000000000000000000000000000000
0000000000000000000000000000000000000000000000000000000000000000000000000000000000000000000
0000000000000000000000000000000000000000000000000000000000000000000000000000000000000000000
0000000000000000000000000000000000000000000000000001111111111111111111100000000000000000000
0000000000000000000000000000000000000000000000000001111111111111111111100000000000000000000
0000000000000000000000000000000000000000000000001111111111111111111111100000000000000000000
0000000000000000000000000000000000000000000000000111111111111111111111100000000000000000000
0000000000000000000000000000000000000000000000000011111111111111111111100000000000000000000
0000000000000000000000000000000000000000000000001111111111111111111111100000000000000000000
0000000000000000000000000000000000000000000000001111111111111111111111100000000000000000000
0000000000000000000000000000000000000000000000111111111111111111111111100000000000000000000
0000000000000000000000000000000000000000000000111111111111111111111111100000000000000000000
0000000000000000000000000000000000000000000000111111111111111111111111100000000000000000000
0000000000000000000000000000000000000000000000011111111111111111111111100000000000000000000
0000000000000000000000000000000000000000000001111111111111111111111111100000000000000000000
0000000000000000000000000000000000000000000001111111111111111111111111100000000000000000000
0000000000000000000000000000000000000000001111111111111111111111111111100000000000000000000
0000000000000000000000000000000000000000000111111111111111111111111111100000000000000000000
0000000000000000000000000000000000000001110011111111111111111111111111100000000000000000000
0000000000000000000000000000000000010011111111111111111111111111111111100000000000000000000
0000000000000000000000000000000000011111111111111111111111111111111111100000000000000000000
0000000000000000000000000000000000011111111111111111111111111111111111100000000000000000000
0000000000000000000000000000000000111111111111111111111111111111111111100000000000000000000
0000000000000000000000000000000111111111111111111111111111111111111111100000000000000000000
0000000000000000000000000000000111111111111111111111111111111111111111100000000000000000000
0000000000000000000000000000001111111111111111111111111111111111111111100000000000000000000
0000000000000000000000000000001111111111111111111111111111111111111111100000000000000000000
0000000000000000000000000000001111111111111111111111111111111111111111100000000000000000000
0000000000000000000000000000001111111111111111111111111111111111111111100000000000000000000
0000000000000000000000000000111111111111111111111111111111111111111100100000000000000000000
0000000000000000000000000000111111111111111111111111111111111111111110000000000000000000000
0000000000000000000000000000111111111111111111111111111111111111110011000000000000000000000
0000000000000000000000000000111111111111111111111111111111111111011000000000000000000000000
0000000000000000000000000001111111111111111111111111111111111101001000000000000000000000000
0000000000000000000000000011111111111111111111111111011111111001100000000000000000000000000
0000000000000000000000000011111111111111111111111111111111111100100000000000000000000000000
0000000000000000000000000011111110111111111111111001101111100110000000000000000000000000000
0000000000000000000000000111110100111111111111101100000110110000000000000000000000000000000
0000000000000000000000000011110001111111111111100100000010010000000000000000000000000000000
0000000000000000000000001011000011001111111100110000000011000000000000000000000000000000000
0000000000000000000000101111100000011111110110000000000000000000000000000000000000000000000
0000000000000000000000100111110000110111110011000000000000000000000000000000000000000000000
0000000000000000000000111111111000000110011000000000000000000000000000000000000000000000000
0000000000000000000000011111111100011111001000000000000000000000000000000000000000000000000
0000000000000000000001111111111100000111100000000000000000000000000000000000000000000000000
0000000000000000000011111111101110010100000000000000000000000000000000000000000000000000000
0000000000000000000111111111111110011111100000000000000000000000000000000000000000000000000
0000000000000000111111111111111011001111000000000000000000000000000000000000000000000000000
0000000000000000111111111111111111101100010000000000000000000000000000000000000000000000000
0000000000000001111111111111111111111111110000000000000000000000000000000000000000000000000
0000000000000001111111111111111111111111000000000000000000000000000000000000000000000000000
0000000000000011111111111111111111111111111100000000000000000000000000000000000000000000000
0000000000000010011111111111111111111111110000000000000000000000000000000000000000000000000
0000000000000000111111111111111111111111110000000000000000000000000000000000000000000000000
0000000000000001101111111111111111111111110000000000000000000000000000000000000000000000000
0000000000000000001111111111111111111111100000000000000000000000000000000000000000000000000
0000000000000000111011111111111111111111000000000000000000000000000000000000000000000000000
0000000000000000010011111111111111111111000000000000000000000000000000000000000000000000000
0000000000000000000111111111111111111111000000000000000000000000000000000000000000000000000
0000000000000000001100111111111111111111100000000000000000000000000000000000000000000000000
0000000000000000000001111111111111111111000000000000000000000000000000000000000000000000000
0000000000000000000011011111111111111111100000000000000000000000000000000000000000000000000
0000000000000000000000011111110111111111100000000000000000000000000000000000000000000000000
0000000000000000000001110111111111111111110000000000000000000000000000000000000000000000000
0000000000000000000000000110011111111111111100000000000000000000000000000000000000000000000
0000000000000000000000011111001001111111111000000000000000000000000000000000000000000000000
0000000000000000000000010001100011111111111111000000000000000000000000000000000000000000000
0000000000000000000000000001000110111111111110000000000000000000000000000000000000000000000
0000000000000000000000000000000000111111111110000000000000000000000000000000000000000000000
0000000000000000000000000000000001101111111111000000000000000000000000000000000000000000000
0000000000000000000000000000000001001111111111100000000000000000000000000000000000000000000
0000000000000000000000000000000000011111111111110000000000000000000000000000000000000000000
0000000000000000000000000000000000110011111111110000000000000000000000000000000000000000000
0000000000000000000000000000000000000111111111111100000000000000000000000000000000000000000
0000000000000000000000000000000000001101111111111100000000000000000000000000000000000000000
0000000000000000000000000000000000000001111111111100000000000000000000000000000000000000000
0000000000000000000000000000000000000111011111111110000000000000000000000000000000000000000
0000000000000000000000000000000000000000011111111111000000000000000000000000000000000000000
0000000000000000000000000000000000000001111111111111100000000000000000000000000000000000000
0000000000000000000000000000000000000001000111111111100000000000000000000000000000000000000
0000000000000000000000000000000000000000011111111111111000000000000000000000000000000000000
0000000000000000000000000000000000000000011011111111110000000000000000000000000000000000000
0000000000000000000000000000000000000000000011111111111000000000000000000000000000000000000
0000000000000000000000000000000000000000001111111111111100000000000000000000000000000000000
0000000000000000000000000000000000000000000000111111111100000000000000000000000000000000000
0000000000000000000000000000000000000000000011111111111111000000000000000000000000000000000
0000000000000000000000000000000000000000000010011111111111000000000000000000000000000000000
0000000000000000000000000000000000000000000000111111111111000000000000000000000000000000000
0000000000000000000000000000000000000000000001100111111111100000000000000000000000000000000
0000000000000000000000000000000000000000000000001111111111110000000000000000000000000000000
0000000000000000000000000000000000000000000000011011111111111000000000000000000000000000000
0000000000000000000000000000000000000000000000010011111111111000000000000000000000000000000
0000000000000000000000000000000000000000000000000110111111111110000000000000000000000000000
0000000000000000000000000000000000000000000000000100111111111110000000000000000000000000000
0000000000000000000000000000000000000000000000000001111111111110000000000000000000000000000
0000000000000000000000000000000000000000000000000011001111111100000000000000000000000000000
0000000000000000000000000000000000000000000000000000011111111100000000000000000000000000000
0000000000000000000000000000000000000000000000000000110111100000000000000000000000000000000
0000000000000000000000000000000000000000000000000000100111000000000000000000000000000000000
0000000000000000000000000000000000000000000000000000001110000000000000000000000000000000000